Time [s],Lmtc [m],STIM [ ],fGM [N],fGL [N]
0.0,0.04751306027173996,0.0006103515625,0.156258225440979,0.0650041326880455
0.0004999999999999449,0.04751340299844742,0.0006103515625,0.1567048579454422,0.06588995456695557
0.0010000000000000009,0.04751300811767578,0.0,0.15620245039463043,0.06545481085777283
0.0014999999999999458,0.047512881457805634,0.00030517578125,0.15679246187210083,0.06531956791877747
0.0020000000000000018,0.04751306027173996,0.00091552734375,0.1567753106355667,0.06516280025243759
0.0024999999999999467,0.04751303046941757,0.0,0.15660026669502258,0.06541784852743149
0.0030000000000000027,0.047513119876384735,0.00030517578125,0.15686634182929993,0.0653391033411026
0.0034999999999999476,0.047513071447610855,0.00091552734375,0.1566218137741089,0.06457024067640305
0.0040000000000000036,0.047513190656900406,0.0006103515625,0.15670253336429596,0.06579625606536865
0.0044999999999999485,0.04751307889819145,0.00030517578125,0.1560937911272049,0.06550606340169907
0.0050000000000000044,0.04751309007406235,0.0006103515625,0.15695756673812866,0.06585873663425446
0.005499999999999949,0.04751323536038399,0.0006103515625,0.1572263389825821,0.06556012481451035
0.006000000000000005,0.04751276969909668,0.0006103515625,0.15671062469482422,0.06471626460552216
0.00649999999999995,0.0475127175450325,0.0006103515625,0.1567656695842743,0.06530554592609406
0.007000000000000006,0.04751335456967354,0.0006103515625,0.15676328539848328,0.06479015201330185
0.007499999999999951,0.047512851655483246,0.00091552734375,0.1564858853816986,0.0661713257431984
0.008000000000000007,0.04751301929354668,0.0,0.15681292116641998,0.06600888818502426
0.008499999999999952,0.047513265162706375,0.001220703125,0.1569579690694809,0.06477180123329163
0.009000000000000008,0.04751329869031906,0.00091552734375,0.15701496601104736,0.06544920057058334
0.009499999999999953,0.047512833029031754,0.00030517578125,0.15670080482959747,0.06575986742973328
0.010000000000000009,0.04751298204064369,0.00030517578125,0.15694546699523926,0.06511124968528748
0.010499999999999954,0.04751306399703026,0.0,0.15720249712467194,0.06497952342033386
0.01100000000000001,0.04751283675432205,0.0006103515625,0.15687397122383118,0.06532227247953415
0.011499999999999955,0.047513172030448914,0.0006103515625,0.15678854286670685,0.06576856970787048
0.01200000000000001,0.04751293733716011,0.00030517578125,0.1568196713924408,0.06494111567735672
0.012499999999999956,0.047513093799352646,-0.00030517578125,0.15665923058986664,0.06590891629457474
0.013000000000000012,0.047513000667095184,0.0,0.15718728303909302,0.06520438939332962
0.013499999999999956,0.04751315340399742,0.0006103515625,0.15735329687595367,0.06485762447118759
0.014000000000000012,0.04751330614089966,0.0006103515625,0.15731698274612427,0.06686396151781082
0.014499999999999957,0.04751266539096832,0.0006103515625,0.15693752467632294,0.0654393658041954
0.015000000000000013,0.047513198107481,0.0006103515625,0.15737619996070862,0.06538676470518112
0.015499999999999958,0.047513239085674286,0.0006103515625,0.15679533779621124,0.0647931843996048
0.016000000000000014,0.047512851655483246,0.0006103515625,0.15750601887702942,0.0654398575425148
0.01649999999999996,0.04751301184296608,0.0006103515625,0.15701422095298767,0.06531109660863876
0.017000000000000015,0.04751305654644966,0.00030517578125,0.15704835951328278,0.06535748392343521
0.01749999999999996,0.04751328378915787,0.00030517578125,0.15731847286224365,0.06552843749523163
0.018000000000000016,0.047512754797935486,0.0006103515625,0.1571609526872635,0.06428559124469757
0.01849999999999996,0.047513198107481,0.0006103515625,0.15730662643909454,0.06479616463184357
0.019000000000000017,0.047513142228126526,0.0006103515625,0.1570199429988861,0.06508245319128036
0.019499999999999962,0.0475129559636116,0.00030517578125,0.1570744663476944,0.06522203981876373
0.020000000000000018,0.04751317948102951,0.0006103515625,0.1572064757347107,0.06572873890399933
0.020499999999999963,0.04751287400722504,0.00030517578125,0.15718412399291992,0.06416065990924835
0.02100000000000002,0.04751313477754593,0.0,0.1572893261909485,0.06543966382741928
0.021499999999999964,0.047513000667095184,0.00030517578125,0.1571885645389557,0.06402989476919174
0.02200000000000002,0.047513093799352646,0.0006103515625,0.15768523514270782,0.06466483324766159
0.022499999999999964,0.04751322790980339,0.0,0.15714102983474731,0.06543024629354477
0.02300000000000002,0.04751278832554817,0.00030517578125,0.1573541909456253,0.06469538807868958
0.023499999999999965,0.04751298576593399,0.00091552734375,0.157756045460701,0.06546679139137268
0.02400000000000002,0.04751310870051384,0.0006103515625,0.15746930241584778,0.06492144614458084
0.024499999999999966,0.04751293733716011,0.0,0.1570199877023697,0.06494046002626419
0.025000000000000022,0.04751326143741608,0.00030517578125,0.15734216570854187,0.06625424325466156
0.025499999999999967,0.0475132130086422,0.00091552734375,0.15723633766174316,0.06489750742912292
0.026000000000000023,0.04751316457986832,0.00091552734375,0.15714861452579498,0.0652630627155304
0.026499999999999968,0.04751298204064369,0.00091552734375,0.15711694955825806,0.06427260488271713
0.027000000000000024,0.04751308262348175,0.00091552734375,0.15731950104236603,0.06526750326156616
0.02749999999999997,0.04751313477754593,0.00030517578125,0.15724514424800873,0.06522717326879501
0.028000000000000025,0.04751273989677429,0.00030517578125,0.1571313887834549,0.06483092904090881
0.02849999999999997,0.04751316457986832,0.0006103515625,0.15734362602233887,0.06492792814970016
0.029000000000000026,0.04751299321651459,0.00030517578125,0.15720120072364807,0.06487677991390228
0.02949999999999997,0.04751278832554817,0.00030517578125,0.15717890858650208,0.06550414860248566
0.030000000000000027,0.047513462603092194,0.0,0.15691371262073517,0.0643988773226738
0.03049999999999997,0.0475132055580616,0.00091552734375,0.157647505402565,0.06543467193841934
0.031000000000000028,0.04751301556825638,0.0006103515625,0.15764489769935608,0.0657837837934494
0.03149999999999997,0.047512929886579514,0.00091552734375,0.15730610489845276,0.06511817872524261
0.03200000000000003,0.04751313850283623,0.0006103515625,0.15770886838436127,0.0657278522849083
0.03249999999999997,0.04751310124993324,0.0,0.15732412040233612,0.06535585224628448
0.03300000000000003,0.047512542456388474,0.00030517578125,0.1574741154909134,0.06506349891424179
0.033499999999999974,0.047513265162706375,0.00091552734375,0.15740160644054413,0.0653235986828804
0.03400000000000003,0.047512803226709366,0.00030517578125,0.15718016028404236,0.06516712158918381
0.034499999999999975,0.047513317316770554,0.00030517578125,0.15710890293121338,0.06501251459121704
0.03500000000000003,0.04751314967870712,0.00030517578125,0.15759418904781342,0.06586815416812897
0.035499999999999976,0.04751301556825638,0.0006103515625,0.1576041430234909,0.06532908976078033
0.03600000000000003,0.04751313477754593,0.0006103515625,0.1578177809715271,0.06473413109779358
0.03649999999999998,0.04751273989677429,0.0006103515625,0.15767094492912292,0.06522945314645767
0.03700000000000003,0.047513458877801895,0.0006103515625,0.15750664472579956,0.06567621976137161
0.03749999999999998,0.04751288518309593,0.00030517578125,0.15725964307785034,0.0648045465350151
0.038000000000000034,0.04751315340399742,0.0006103515625,0.1576458364725113,0.06532342731952667
0.03849999999999998,0.04751327633857727,0.00030517578125,0.15720471739768982,0.06498204916715622
0.039000000000000035,0.047512806951999664,-0.00030517578125,0.15723547339439392,0.06473298370838165
0.03949999999999998,0.0475132055580616,-0.00030517578125,0.15745821595191956,0.0649230033159256
0.040000000000000036,0.047512974590063095,0.00030517578125,0.15751010179519653,0.06503526121377945
0.04049999999999998,0.0475132092833519,0.0006103515625,0.15734811127185822,0.06607569754123688
0.041000000000000036,0.047512900084257126,0.0006103515625,0.15683850646018982,0.06643730401992798
0.04149999999999998,0.04751305654644966,0.0,0.15750794112682343,0.06529507786035538
0.04200000000000004,0.04751312732696533,0.0006103515625,0.15727941691875458,0.06509175896644592
0.04249999999999998,0.04751275107264519,0.0,0.15747161209583282,0.06499084830284119
0.04300000000000004,0.04751349985599518,0.0006103515625,0.15722662210464478,0.066912941634655
0.04349999999999998,0.04751306027173996,0.00091552734375,0.15750299394130707,0.06544962525367737
0.04400000000000004,0.047513190656900406,0.00030517578125,0.1574971228837967,0.06546130776405334
0.044499999999999984,0.04751301556825638,0.00030517578125,0.15736648440361023,0.06507665663957596
0.04500000000000004,0.04751279950141907,0.0006103515625,0.15777075290679932,0.06399739533662796
0.045499999999999985,0.04751308262348175,0.00030517578125,0.15712600946426392,0.06517929583787918
0.04600000000000004,0.04751312732696533,0.00030517578125,0.15729716420173645,0.0646107941865921
0.046499999999999986,0.04751323536038399,0.0,0.1576484888792038,0.06509852409362793
0.04700000000000004,0.047512929886579514,0.00030517578125,0.1572110801935196,0.06486769020557404
0.04749999999999999,0.04751283675432205,0.0,0.1571751832962036,0.06453464180231094
0.04800000000000004,0.047513194382190704,0.0,0.1574106514453888,0.06556156277656555
0.04849999999999999,0.04751303419470787,0.00091552734375,0.15707625448703766,0.06482099741697311
0.049000000000000044,0.047513287514448166,-0.00030517578125,0.15739087760448456,0.06603696197271347
0.04949999999999999,0.047513045370578766,0.0006103515625,0.1574307382106781,0.06536772102117538
0.050000000000000044,0.047513093799352646,0.00091552734375,0.15690039098262787,0.06480810046195984
0.05049999999999999,0.0475132130086422,0.0006103515625,0.1575358808040619,0.06506053358316422
0.051000000000000045,0.04751300439238548,0.00030517578125,0.15734770894050598,0.06418191641569138
0.05149999999999999,0.04751300439238548,0.0006103515625,0.15765380859375,0.06563137471675873
0.052000000000000046,0.047513220459222794,0.0006103515625,0.15706633031368256,0.0653853639960289
0.05249999999999999,0.047513194382190704,0.00030517578125,0.15715795755386353,0.06687066704034805
0.05300000000000005,0.04751330241560936,0.0006103515625,0.1575200855731964,0.06564974784851074
0.05349999999999999,0.04751289635896683,0.00030517578125,0.15734204649925232,0.06472863256931305
0.05400000000000005,0.04751286655664444,0.00030517578125,0.15748222172260284,0.06540651619434357
0.05449999999999999,0.04751308634877205,0.00030517578125,0.15696625411510468,0.06512294709682465
0.05500000000000005,0.04751313850283623,0.00030517578125,0.157744899392128,0.06596243381500244
0.055499999999999994,0.04751313850283623,0.00030517578125,0.1570776104927063,0.0650443509221077
0.05600000000000005,0.047512587159872055,0.0,0.15734650194644928,0.06526105105876923
0.056499999999999995,0.047513220459222794,0.00030517578125,0.15750335156917572,0.06529264152050018
0.05700000000000005,0.047513335943222046,0.0006103515625,0.15696914494037628,0.06507307291030884
0.057499999999999996,0.04751306399703026,0.00091552734375,0.15744300186634064,0.06542439013719559
0.05800000000000005,0.0475132092833519,0.00030517578125,0.15725837647914886,0.06526482105255127
0.058499999999999996,0.04751288518309593,0.0,0.15718789398670197,0.0650612935423851
0.05900000000000005,0.04751309007406235,0.00030517578125,0.1572679728269577,0.06555624306201935
0.0595,0.047512974590063095,0.00030517578125,0.1572100967168808,0.06459824740886688
0.06000000000000005,0.047512952238321304,0.00030517578125,0.15743885934352875,0.06394088268280029
0.0605,0.04751310870051384,0.00030517578125,0.15689408779144287,0.06498854607343674
0.061000000000000054,0.047513049095869064,0.0006103515625,0.1572047621011734,0.06620995700359344
0.0615,0.047513242810964584,0.00030517578125,0.15695393085479736,0.0657343938946724
0.062000000000000055,0.04751278832554817,0.0006103515625,0.15721957385540009,0.0651155337691307
0.0625,0.04751291871070862,0.00030517578125,0.15728646516799927,0.06496980786323547
0.06299999999999994,0.0475132092833519,0.0,0.15710566937923431,0.06504900008440018
0.0635,0.047513220459222794,0.0006103515625,0.15758253633975983,0.06588982045650482
0.06399999999999995,0.047513268887996674,0.00030517578125,0.1568363904953003,0.06577572226524353
0.0645,0.0475129671394825,0.0006103515625,0.15726898610591888,0.06505993008613586
0.06499999999999995,0.047513023018836975,0.00091552734375,0.15727116167545319,0.06576549261808395
0.0655,0.04751305282115936,0.00030517578125,0.1572001427412033,0.06432837247848511
0.06599999999999995,0.04751289635896683,0.0006103515625,0.1572285145521164,0.06521075963973999
0.0665,0.0475132092833519,0.00030517578125,0.1567821055650711,0.06567353755235672
0.06699999999999995,0.04751308262348175,0.00030517578125,0.15712666511535645,0.06536425650119781
0.0675,0.04751316085457802,0.00091552734375,0.1569576859474182,0.06596862524747849
0.06799999999999995,0.0475127287209034,0.0,0.1571187674999237,0.06528456509113312
0.0685,0.04751316085457802,0.00030517578125,0.15723136067390442,0.06541473418474197
0.06899999999999995,0.04751308262348175,0.00030517578125,0.15693871676921844,0.065303273499012
0.0695,0.047512948513031006,0.00030517578125,0.1569090038537979,0.06501224637031555
0.06999999999999995,0.047513414174318314,0.0,0.15729710459709167,0.06638668477535248
0.07050000000000001,0.04751310497522354,0.00030517578125,0.15698124468326569,0.06514284014701843
0.07099999999999995,0.047513194382190704,0.00030517578125,0.15701182186603546,0.06563898175954819
0.07150000000000001,0.04751316457986832,0.0006103515625,0.15742088854312897,0.06487823277711868
0.07199999999999995,0.04751313850283623,0.00091552734375,0.15705522894859314,0.06533200293779373
0.07250000000000001,0.0475129634141922,0.0006103515625,0.15701715648174286,0.06552425026893616
0.07299999999999995,0.04751301184296608,0.00030517578125,0.15695028007030487,0.06525051593780518
0.07350000000000001,0.04751317575573921,0.00091552734375,0.1571604162454605,0.06584993004798889
0.07399999999999995,0.04751294478774071,0.00030517578125,0.15675604343414307,0.06526044756174088
0.07450000000000001,0.047513145953416824,0.00030517578125,0.15679074823856354,0.06543714553117752
0.07499999999999996,0.0475132092833519,0.00091552734375,0.1567998230457306,0.06554967164993286
0.07550000000000001,0.04751318320631981,0.0,0.156882643699646,0.06606355309486389
0.07599999999999996,0.047513265162706375,0.0006103515625,0.1570444107055664,0.06592608243227005
0.07650000000000001,0.04751300811767578,0.0006103515625,0.1572088599205017,0.0649743303656578
0.07699999999999996,0.047513239085674286,0.0006103515625,0.15684279799461365,0.06573987007141113
0.07750000000000001,0.04751308262348175,0.0,0.15719002485275269,0.06446870416402817
0.07799999999999996,0.04751315340399742,0.00030517578125,0.15709197521209717,0.06492727249860764
0.07850000000000001,0.04751311615109444,0.0,0.15691570937633514,0.0656043067574501
0.07899999999999996,0.04751298949122429,0.001220703125,0.15702824294567108,0.06589537113904953
0.07950000000000002,0.04751315712928772,0.00030517578125,0.1568329930305481,0.06655266880989075
0.07999999999999996,0.0475132092833519,0.00030517578125,0.15712764859199524,0.06498293578624725
0.08050000000000002,0.0475129708647728,0.0,0.15680333971977234,0.06527723371982574
0.08099999999999996,0.047513291239738464,0.0,0.15657208859920502,0.06519236415624619
0.08150000000000002,0.0475129634141922,0.00091552734375,0.1569463610649109,0.06478545069694519
0.08199999999999996,0.04751335456967354,0.0006103515625,0.15704640746116638,0.06509225815534592
0.08250000000000002,0.04751306027173996,0.00030517578125,0.1569433957338333,0.06522142142057419
0.08299999999999996,0.047512974590063095,0.0,0.15713666379451752,0.0650501474738121
0.08350000000000002,0.04751325771212578,0.0006103515625,0.15716785192489624,0.065024733543396
0.08399999999999996,0.04751289263367653,0.00030517578125,0.1567959189414978,0.06477775424718857
0.08450000000000002,0.0475132130086422,0.0006103515625,0.15712398290634155,0.06582906097173691
0.08499999999999996,0.0475129596889019,0.00030517578125,0.15689119696617126,0.06466025859117508
0.08550000000000002,0.047513023018836975,0.00030517578125,0.15684674680233002,0.06523336470127106
0.08599999999999997,0.047512978315353394,0.0006103515625,0.15666824579238892,0.06518928706645966
0.08650000000000002,0.04751318693161011,0.0006103515625,0.15709088742733002,0.06505212187767029
0.08699999999999997,0.04751332104206085,0.0006103515625,0.1564943939447403,0.06489655375480652
0.08750000000000002,0.04751284047961235,0.0,0.1565210521221161,0.06532122939825058
0.08799999999999997,0.047513432800769806,0.00091552734375,0.15714815258979797,0.06655452400445938
0.08850000000000002,0.04751303419470787,0.0006103515625,0.1569644808769226,0.06563600897789001
0.08899999999999997,0.04751300439238548,0.00091552734375,0.15669403970241547,0.06570742279291153
0.08950000000000002,0.04751308634877205,0.0006103515625,0.1568969041109085,0.06529597193002701
0.08999999999999997,0.04751306399703026,0.0,0.15699869394302368,0.06494788825511932
0.09050000000000002,0.04751323536038399,0.00030517578125,0.1565362960100174,0.06621799618005753
0.09099999999999997,0.04751282185316086,0.0,0.15716208517551422,0.06508815288543701
0.09150000000000003,0.04751340299844742,0.0006103515625,0.1570160686969757,0.06615184992551804
0.09199999999999997,0.0475132018327713,0.0006103515625,0.15684263408184052,0.0650220587849617
0.09250000000000003,0.04751298204064369,0.00030517578125,0.15702363848686218,0.06522893160581589
0.09299999999999997,0.047513168305158615,0.0,0.1574552357196808,0.0651053786277771
0.09350000000000003,0.04751311242580414,0.0,0.1571376919746399,0.06500808894634247
0.09399999999999997,0.04751291126012802,0.00030517578125,0.15740267932415009,0.06594577431678772
0.09450000000000003,0.047512926161289215,0.00030517578125,0.15743181109428406,0.06572771817445755
0.09499999999999997,0.04751285910606384,0.00030517578125,0.1569647490978241,0.06560230255126953
0.09550000000000003,0.0475132092833519,0.0006103515625,0.1571684032678604,0.06562935560941696
0.09599999999999997,0.04751304164528847,0.00030517578125,0.15702296793460846,0.06502653658390045
0.09650000000000003,0.04751313105225563,-0.00030517578125,0.15729708969593048,0.06625764816999435
0.09699999999999998,0.047513049095869064,0.0006103515625,0.15723931789398193,0.06558161973953247
0.09750000000000003,0.04751312732696533,0.00030517578125,0.15746665000915527,0.06578697264194489
0.09799999999999998,0.04751329496502876,0.00030517578125,0.1576971411705017,0.06509855389595032
0.09850000000000003,0.04751335084438324,0.0,0.15660259127616882,0.06528525054454803
0.09899999999999998,0.047513242810964584,-0.00030517578125,0.15708477795124054,0.06595833599567413
0.09950000000000003,0.04751323163509369,0.00030517578125,0.15702985227108002,0.06532654911279678
0.09999999999999998,0.047513220459222794,0.00030517578125,0.15728513896465302,0.06583333760499954
0.10050000000000003,0.047513265162706375,0.0,0.1571117639541626,0.0653025209903717
0.10099999999999998,0.04751299321651459,0.00030517578125,0.15728509426116943,0.06595158576965332
0.10150000000000003,0.047513220459222794,0.00030517578125,0.15744759142398834,0.06472845375537872
0.10199999999999998,0.0475129596889019,0.0006103515625,0.15705636143684387,0.06520617008209229
0.10250000000000004,0.047513093799352646,0.0006103515625,0.1571282148361206,0.06666174530982971
0.10299999999999998,0.047513142228126526,0.0006103515625,0.15713030099868774,0.06584830582141876
0.10350000000000004,0.047513142228126526,0.00030517578125,0.15708166360855103,0.0659315213561058
0.10399999999999998,0.047513291239738464,0.0006103515625,0.15722335875034332,0.06545289605855942
0.10450000000000004,0.04751318693161011,0.00091552734375,0.15735167264938354,0.06487798690795898
0.10499999999999998,0.04751324653625488,0.0006103515625,0.1575240194797516,0.06564462184906006
0.10550000000000004,0.04751307889819145,0.0,0.1567888855934143,0.06497925519943237
0.10599999999999998,0.047512758523225784,0.0006103515625,0.157474547624588,0.06491953879594803
0.10650000000000004,0.04751335456967354,0.00030517578125,0.1574167162179947,0.06538218259811401
0.10699999999999998,0.04751294106245041,0.00030517578125,0.15696999430656433,0.06506158411502838
0.10750000000000004,0.04751303419470787,0.00030517578125,0.15738990902900696,0.06501127779483795
0.10799999999999998,0.04751283675432205,0.0006103515625,0.15728887915611267,0.06557976454496384
0.10850000000000004,0.04751315712928772,0.0,0.1573655903339386,0.06614815443754196
0.10899999999999999,0.047513410449028015,0.0006103515625,0.15689660608768463,0.06542220711708069
0.10950000000000004,0.04751313477754593,0.0006103515625,0.15731023252010345,0.06511364877223969
0.10999999999999999,0.04751364141702652,0.0006103515625,0.15693676471710205,0.06537529081106186
0.11050000000000004,0.04751309007406235,0.00030517578125,0.15709030628204346,0.06546318531036377
0.11099999999999999,0.04751332849264145,0.0006103515625,0.1572672575712204,0.06605029851198196
0.11150000000000004,0.04751310870051384,0.0,0.15696674585342407,0.06545749306678772
0.11199999999999999,0.04751322418451309,0.00030517578125,0.15726669132709503,0.06570760160684586
0.11250000000000004,0.047513093799352646,-0.00030517578125,0.15721479058265686,0.06617490947246552
0.11299999999999999,0.04751293361186981,0.00030517578125,0.1573621779680252,0.06486111134290695
0.11350000000000005,0.04751336947083473,0.0006103515625,0.15691593289375305,0.06597369909286499
0.11399999999999999,0.04751308262348175,0.0006103515625,0.1569909155368805,0.06667955219745636
0.11450000000000005,0.047513242810964584,0.00030517578125,0.15742556750774384,0.06617800146341324
0.11499999999999999,0.047513071447610855,0.0006103515625,0.15702350437641144,0.066147081553936
0.11550000000000005,0.04751284420490265,-0.00030517578125,0.15697291493415833,0.0649060383439064
0.11599999999999999,0.04751328006386757,0.0,0.15719179809093475,0.06576234102249146
0.11650000000000005,0.047513123601675034,0.00091552734375,0.15712223947048187,0.06539570540189743
0.11699999999999999,0.04751324653625488,0.00030517578125,0.1571115106344223,0.06578037887811661
0.11750000000000005,0.04751314967870712,0.0006103515625,0.15730062127113342,0.06488992273807526
0.118,0.04751334339380264,0.0006103515625,0.15687769651412964,0.06531456112861633
0.11850000000000005,0.047513172030448914,0.00030517578125,0.15698954463005066,0.0651937797665596
0.119,0.0475129671394825,0.00030517578125,0.15659254789352417,0.06457515060901642
0.11950000000000005,0.047513291239738464,0.00030517578125,0.15669679641723633,0.0657515600323677
0.12,0.04751306772232056,0.0,0.15704502165317535,0.06542862206697464
0.12050000000000005,0.04751323163509369,0.0006103515625,0.1567535251379013,0.06580948829650879
0.121,0.04751332104206085,0.0006103515625,0.1567118763923645,0.06552385538816452
0.12150000000000005,0.047513268887996674,0.0006103515625,0.15645092725753784,0.06517955660820007
0.122,0.047513384371995926,0.0,0.15692096948623657,0.06534073501825333
0.12250000000000005,0.04751287028193474,0.0,0.1565317064523697,0.06452549248933792
0.123,0.04751323536038399,0.0006103515625,0.15700556337833405,0.06652744859457016
0.12350000000000005,0.04751309007406235,0.0006103515625,0.1566668003797531,0.06548606604337692
0.124,0.04751315340399742,0.00030517578125,0.15666696429252625,0.06597777456045151
0.12450000000000006,0.047513216733932495,0.00030517578125,0.1570681929588318,0.06517459452152252
0.125,0.047512855380773544,0.00030517578125,0.15680579841136932,0.06526369601488113
0.12549999999999994,0.04751298949122429,0.0006103515625,0.1564900428056717,0.06583316624164581
0.126,0.04751305654644966,0.00030517578125,0.1567615270614624,0.0656621977686882
0.12649999999999995,0.04751325771212578,0.0006103515625,0.15700814127922058,0.06631113588809967
0.127,0.047513220459222794,-0.0006103515625,0.1566244214773178,0.06527231633663177
0.12749999999999995,0.04751312732696533,0.0006103515625,0.15665295720100403,0.06509237736463547
0.128,0.04751347377896309,0.00091552734375,0.15683060884475708,0.06565557420253754
0.12849999999999995,0.047513145953416824,0.0006103515625,0.1564355194568634,0.06581691652536392
0.129,0.047513045370578766,0.0006103515625,0.15673209726810455,0.06488195061683655
0.12949999999999995,0.0475132130086422,0.00030517578125,0.1572798788547516,0.06487394869327545
0.13,0.04751310124993324,0.00030517578125,0.15685123205184937,0.0659131109714508
0.13049999999999995,0.04751303791999817,0.0006103515625,0.15682309865951538,0.06546320021152496
0.131,0.04751300811767578,0.0006103515625,0.15730082988739014,0.06504346430301666
0.13149999999999995,0.047513123601675034,0.0006103515625,0.1565772444009781,0.06556139886379242
0.132,0.04751335084438324,0.00030517578125,0.15663400292396545,0.065689817070961
0.13249999999999995,0.04751300439238548,0.00030517578125,0.15715907514095306,0.06559861451387405
0.133,0.047513388097286224,0.00091552734375,0.15673589706420898,0.06479987502098083
0.13349999999999995,0.04751306772232056,0.00091552734375,0.1569625288248062,0.06482546776533127
0.134,0.04751339554786682,0.00030517578125,0.15695352852344513,0.06539769470691681
0.13449999999999995,0.04751340299844742,0.0,0.15673650801181793,0.06504515558481216
0.135,0.047513075172901154,0.0,0.1567942053079605,0.06540244072675705
0.13549999999999995,0.047513268887996674,0.00030517578125,0.15717101097106934,0.06524451076984406
0.136,0.04751311242580414,0.0006103515625,0.156709223985672,0.06466957181692123
0.13649999999999995,0.047513447701931,0.00030517578125,0.1568928360939026,0.06654839217662811
0.137,0.047513045370578766,-0.00030517578125,0.15634800493717194,0.06590858101844788
0.13749999999999996,0.04751291126012802,0.00030517578125,0.1570080667734146,0.06549181044101715
0.138,0.04751313105225563,0.00030517578125,0.15694166719913483,0.06582653522491455
0.13849999999999996,0.047512758523225784,0.0006103515625,0.15653233230113983,0.06467387080192566
0.139,0.04751308262348175,0.0006103515625,0.15680281817913055,0.06568476557731628
0.13949999999999996,0.0475132055580616,0.00030517578125,0.1568911373615265,0.06522722542285919
0.14,0.04751342907547951,0.00091552734375,0.15672171115875244,0.0645936131477356
0.14049999999999996,0.04751301929354668,0.00030517578125,0.15660861134529114,0.0659806877374649
0.14100000000000001,0.04751278832554817,0.00030517578125,0.1567010134458542,0.0650639683008194
0.14149999999999996,0.047513071447610855,0.0006103515625,0.15664301812648773,0.06547646969556808
0.14200000000000002,0.04751282185316086,-0.00030517578125,0.15650710463523865,0.0655226930975914
0.14249999999999996,0.04751289635896683,0.0006103515625,0.15705211460590363,0.06498268991708755
0.14300000000000002,0.0475132092833519,0.0006103515625,0.15677939355373383,0.06510883569717407
0.14349999999999996,0.047512926161289215,0.0006103515625,0.15647615492343903,0.06490951031446457
0.14400000000000002,0.04751293733716011,0.00030517578125,0.15677165985107422,0.06547535210847855
0.14449999999999996,0.04751306772232056,0.0006103515625,0.1571817249059677,0.06390812247991562
0.14500000000000002,0.047513142228126526,0.00030517578125,0.156894713640213,0.06498107314109802
0.14549999999999996,0.04751328378915787,0.0006103515625,0.15652552247047424,0.06446889787912369
0.14600000000000002,0.047513026744127274,0.00030517578125,0.15697996318340302,0.06497052311897278
0.14649999999999996,0.047513190656900406,0.0,0.156930074095726,0.06570068001747131
0.14700000000000002,0.0475129708647728,0.0,0.15650852024555206,0.0650629848241806
0.14749999999999996,0.0475132055580616,0.00030517578125,0.15716572105884552,0.06612080335617065
0.14800000000000002,0.047512926161289215,0.0006103515625,0.1566915512084961,0.064777672290802
0.14849999999999997,0.047513198107481,0.00030517578125,0.15662148594856262,0.06550376117229462
0.14900000000000002,0.04751298949122429,0.0,0.15699876844882965,0.06511357426643372
0.14949999999999997,0.04751326143741608,0.00030517578125,0.15673284232616425,0.06591881066560745
0.15000000000000002,0.047513220459222794,0.0006103515625,0.15698030591011047,0.06558844447135925
0.15049999999999997,0.04751292243599892,0.00091552734375,0.15672044456005096,0.06464199721813202
0.15100000000000002,0.047513093799352646,0.0006103515625,0.15707966685295105,0.06601081788539886
0.15149999999999997,0.04751325026154518,0.0006103515625,0.1570390909910202,0.06514900177717209
0.15200000000000002,0.04751261696219444,0.0006103515625,0.15713146328926086,0.06559997797012329
0.15249999999999997,0.04751291498541832,0.0006103515625,0.1568596363067627,0.0659651905298233
0.15300000000000002,0.04751291498541832,0.0006103515625,0.15730540454387665,0.06444869935512543
0.15349999999999997,0.04751287400722504,0.0006103515625,0.15686571598052979,0.06539253145456314
0.15400000000000003,0.047513145953416824,0.0006103515625,0.15645341575145721,0.06561561673879623
0.15449999999999997,0.04751310497522354,0.00030517578125,0.15718328952789307,0.06547226011753082
0.15500000000000003,0.04751328378915787,0.0006103515625,0.15679728984832764,0.06581754982471466
0.15549999999999997,0.04751309007406235,0.00030517578125,0.15701089799404144,0.06567941606044769
0.15600000000000003,0.04751274734735489,0.00030517578125,0.15785492956638336,0.06533710658550262
0.15649999999999997,0.047513000667095184,0.00030517578125,0.1573033630847931,0.06498318910598755
0.15700000000000003,0.04751294478774071,0.0,0.15695835649967194,0.06545760482549667
0.15749999999999997,0.047513384371995926,0.0006103515625,0.15737606585025787,0.06519017368555069
0.15800000000000003,0.04751294478774071,0.0006103515625,0.15733034908771515,0.06513801217079163
0.15849999999999997,0.047513287514448166,0.00030517578125,0.15710359811782837,0.06523555517196655
0.15900000000000003,0.04751298204064369,0.00030517578125,0.15702217817306519,0.0651169940829277
0.15949999999999998,0.04751322790980339,0.00030517578125,0.15772216022014618,0.06615125387907028
0.16000000000000003,0.0475132018327713,0.0,0.1571824848651886,0.0656975656747818
0.16049999999999998,0.04751284047961235,0.0006103515625,0.1570764034986496,0.0643894150853157
0.16100000000000003,0.04751342907547951,0.0006103515625,0.15735968947410583,0.06534033268690109
0.16149999999999998,0.047513071447610855,0.0,0.15703679621219635,0.06463897973299026
0.16200000000000003,0.047513242810964584,0.00091552734375,0.15747055411338806,0.06567621231079102
0.16249999999999998,0.047513097524642944,0.0006103515625,0.15751543641090393,0.06441875547170639
0.16300000000000003,0.04751284047961235,0.00030517578125,0.15739504992961884,0.0647391527891159
0.16349999999999998,0.04751313477754593,0.0006103515625,0.15699371695518494,0.06639362871646881
0.16400000000000003,0.04751279577612877,0.0006103515625,0.15706129372119904,0.06526441127061844
0.16449999999999998,0.047512996941804886,0.0006103515625,0.15720252692699432,0.0651167780160904
0.16500000000000004,0.047512996941804886,0.0006103515625,0.15695133805274963,0.06498764455318451
0.16549999999999998,0.04751298576593399,0.0006103515625,0.15700599551200867,0.06470058113336563
0.16600000000000004,0.04751328378915787,0.0006103515625,0.15711210668087006,0.06566186994314194
0.16649999999999998,0.04751315712928772,0.00030517578125,0.15710045397281647,0.06478603929281235
0.16700000000000004,0.0475132018327713,0.00091552734375,0.15732958912849426,0.06512509286403656
0.16749999999999998,0.04751288890838623,0.0006103515625,0.1571914106607437,0.06461392343044281
0.16800000000000004,0.04751310124993324,0.00030517578125,0.15746602416038513,0.06540950387716293
0.16849999999999998,0.047513142228126526,0.0006103515625,0.1568274050951004,0.06527833640575409
0.16900000000000004,0.04751298576593399,0.0006103515625,0.15710976719856262,0.06528718024492264
0.16949999999999998,0.04751328378915787,0.00030517578125,0.15739981830120087,0.0650256872177124
0.17000000000000004,0.047513049095869064,0.0006103515625,0.15687108039855957,0.06486910581588745
0.17049999999999998,0.04751310124993324,0.00030517578125,0.15710343420505524,0.065730981528759
0.17100000000000004,0.047513414174318314,0.0006103515625,0.15717020630836487,0.06500784307718277
0.17149999999999999,0.047513172030448914,0.00030517578125,0.15711236000061035,0.06523366272449493
0.17200000000000004,0.04751316457986832,0.0006103515625,0.15683387219905853,0.06565356999635696
0.1725,0.04751307889819145,0.00091552734375,0.15696749091148376,0.06453989446163177
0.17300000000000004,0.0475132018327713,0.0006103515625,0.1574668139219284,0.06494985520839691
0.1735,0.04751310497522354,-0.00030517578125,0.1567484736442566,0.06505341082811356
0.17400000000000004,0.047513168305158615,0.0,0.15704546868801117,0.06617908179759979
0.1745,0.047513123601675034,0.0006103515625,0.15700982511043549,0.06567837297916412
0.17500000000000004,0.047513172030448914,0.0,0.1568116843700409,0.06540883332490921
0.1755,0.04751325771212578,0.00030517578125,0.15703284740447998,0.06575954705476761
0.17600000000000005,0.04751308634877205,0.00030517578125,0.1571969836950302,0.06453612446784973
0.1765,0.04751292243599892,0.0006103515625,0.1568712741136551,0.06512557715177536
0.17700000000000005,0.04751293733716011,0.00030517578125,0.15669694542884827,0.06526459753513336
0.1775,0.0475129596889019,0.0006103515625,0.1568121463060379,0.06475469470024109
0.17800000000000005,0.04751310124993324,0.0006103515625,0.1571071743965149,0.06537822633981705
0.1785,0.04751292243599892,0.00030517578125,0.15675939619541168,0.06520099192857742
0.17900000000000005,0.04751282185316086,0.0006103515625,0.1569197177886963,0.06515637040138245
0.1795,0.047513313591480255,0.0006103515625,0.15645839273929596,0.06531575322151184
0.18000000000000005,0.047512833029031754,0.0006103515625,0.15668566524982452,0.06507976353168488
0.1805,0.04751317575573921,0.0,0.15687818825244904,0.06562815606594086
0.18100000000000005,0.047513119876384735,0.00030517578125,0.15664279460906982,0.06463618576526642
0.1815,0.04751281812787056,0.0,0.15647868812084198,0.0648961290717125
0.18200000000000005,0.04751288518309593,0.00030517578125,0.15716883540153503,0.06522313505411148
0.1825,0.04751283675432205,0.0,0.15686480700969696,0.0645303875207901
0.18300000000000005,0.04751328006386757,0.0,0.15707369148731232,0.06495470553636551
0.1835,0.04751300811767578,-0.00030517578125,0.15677383542060852,0.065277099609375
0.18400000000000005,0.04751315340399742,0.00030517578125,0.15676890313625336,0.06553377211093903
0.1845,0.047513119876384735,0.00091552734375,0.15682679414749146,0.06489749997854233
0.18500000000000005,0.047512952238321304,0.0006103515625,0.15686284005641937,0.06489642709493637
0.1855,0.04751332849264145,0.00030517578125,0.15699972212314606,0.06622310727834702
0.18600000000000005,0.047512803226709366,0.00030517578125,0.1569979190826416,0.06541568785905838
0.1865,0.04751335084438324,0.00091552734375,0.15663109719753265,0.06542625278234482
0.18700000000000006,0.047512996941804886,0.00030517578125,0.15611842274665833,0.06523621082305908
0.1875,0.04751303791999817,0.0006103515625,0.15704774856567383,0.06535797566175461
0.18799999999999994,0.04751311615109444,0.0006103515625,0.15673255920410156,0.06593383848667145
0.1885,0.04751289635896683,0.0006103515625,0.15648676455020905,0.06519197672605515
0.18899999999999995,0.047513365745544434,0.0006103515625,0.15680867433547974,0.06629350036382675
0.1895,0.04751298949122429,0.0006103515625,0.1567399799823761,0.06537614017724991
0.18999999999999995,0.047512948513031006,0.0006103515625,0.1568208485841751,0.06558825075626373
0.1905,0.04751301556825638,0.0006103515625,0.15686489641666412,0.06602511554956436
0.19099999999999995,0.047512929886579514,0.0006103515625,0.1566123366355896,0.06530526280403137
0.1915,0.04751307889819145,0.0006103515625,0.15666961669921875,0.0658990889787674
0.19199999999999995,0.04751284420490265,0.0006103515625,0.15649418532848358,0.06520143896341324
0.1925,0.04751306399703026,0.00091552734375,0.15713848173618317,0.06620413810014725
0.19299999999999995,0.047513119876384735,0.00091552734375,0.1569739133119583,0.06438793987035751
0.1935,0.04751292243599892,0.00030517578125,0.15680813789367676,0.06471755355596542
0.19399999999999995,0.047512903809547424,0.00030517578125,0.15684640407562256,0.06512869894504547
0.1945,0.04751260206103325,0.00091552734375,0.15682242810726166,0.06490113586187363
0.19499999999999995,0.04751318320631981,0.0006103515625,0.1567947268486023,0.06628848612308502
0.1955,0.04751315340399742,0.00030517578125,0.1572238802909851,0.06552958488464355
0.19599999999999995,0.04751315712928772,0.00030517578125,0.15730677545070648,0.06569141149520874
0.1965,0.047513123601675034,0.0006103515625,0.15675055980682373,0.06516136974096298
0.19699999999999995,0.04751301556825638,0.0006103515625,0.15713481605052948,0.06589552760124207
0.1975,0.04751330986618996,0.00091552734375,0.15650708973407745,0.06654059886932373
0.19799999999999995,0.047513123601675034,0.00030517578125,0.15645350515842438,0.06509717553853989
0.1985,0.04751307889819145,0.0,0.15708957612514496,0.06538970023393631
0.19899999999999995,0.04751317575573921,0.0,0.1567932814359665,0.06456882506608963
0.1995,0.04751305282115936,0.00091552734375,0.15718549489974976,0.06455021351575851
0.19999999999999996,0.04751306399703026,0.00030517578125,0.156836599111557,0.06506073474884033
0.2005,0.04751286283135414,0.0,0.1569877564907074,0.06528134644031525
0.20099999999999996,0.047513291239738464,0.00091552734375,0.1572006344795227,0.06609632819890976
0.2015,0.04751308634877205,0.0,0.1566896140575409,0.06533747166395187
0.20199999999999996,0.047512829303741455,0.00030517578125,0.15729746222496033,0.06565365195274353
0.2025,0.04751325398683548,-0.00030517578125,0.15720823407173157,0.06538727134466171
0.20299999999999996,0.04751277714967728,0.00030517578125,0.15728965401649475,0.06561899185180664
0.20350000000000001,0.04751288890838623,0.0,0.15703776478767395,0.06650802493095398
0.20399999999999996,0.04751290753483772,0.0006103515625,0.15714295208454132,0.06561712920665741
0.20450000000000002,0.04751292243599892,0.0,0.15699054300785065,0.06519690155982971
0.20499999999999996,0.04751309007406235,-0.0006103515625,0.1570442020893097,0.06486188620328903
0.20550000000000002,0.04751300439238548,0.00030517578125,0.15704397857189178,0.06506635993719101
0.20599999999999996,0.04751325026154518,0.00091552734375,0.15711672604084015,0.0651407539844513
0.20650000000000002,0.0475129559636116,0.0006103515625,0.1569523960351944,0.06528883427381516
0.20699999999999996,0.04751301184296608,0.0006103515625,0.15741261839866638,0.06595151126384735
0.20750000000000002,0.047512926161289215,0.0006103515625,0.1570664495229721,0.06496965140104294
0.20799999999999996,0.04751266539096832,0.00030517578125,0.1569342315196991,0.06490978598594666
0.20850000000000002,0.047513287514448166,0.0006103515625,0.15694308280944824,0.06558181345462799
0.20899999999999996,0.04751284047961235,0.0,0.1572791486978531,0.06563679873943329
0.20950000000000002,0.047513436526060104,0.0,0.15715079009532928,0.06593216210603714
0.20999999999999996,0.04751303046941757,0.00030517578125,0.1570572853088379,0.06471932679414749
0.21050000000000002,0.04751310124993324,0.0006103515625,0.1575390100479126,0.06531978398561478
0.21099999999999997,0.04751314967870712,0.0006103515625,0.15730108320713043,0.06553340703248978
0.21150000000000002,0.04751300439238548,0.00091552734375,0.15703795850276947,0.06508943438529968
0.21199999999999997,0.04751317575573921,0.00030517578125,0.15715384483337402,0.06535302847623825
0.21250000000000002,0.04751315340399742,0.00030517578125,0.15726692974567413,0.06609053909778595
0.21299999999999997,0.047512929886579514,0.00030517578125,0.15760479867458344,0.06526852399110794
0.21350000000000002,0.047512661665678024,0.00091552734375,0.15727832913398743,0.06488952040672302
0.21399999999999997,0.04751284420490265,0.0006103515625,0.1572076678276062,0.06501694023609161
0.21450000000000002,0.047513410449028015,0.0,0.15717050433158875,0.06601209193468094
0.21499999999999997,0.04751298204064369,0.00091552734375,0.15739122033119202,0.06563294678926468
0.21550000000000002,0.047513119876384735,0.0006103515625,0.15727269649505615,0.0661042258143425
0.21599999999999997,0.0475134402513504,0.0006103515625,0.1575293391942978,0.06568627804517746
0.21650000000000003,0.04751310124993324,0.00030517578125,0.15741142630577087,0.06476013362407684
0.21699999999999997,0.04751325026154518,0.00030517578125,0.15759563446044922,0.06519123911857605
0.21750000000000003,0.04751306399703026,0.00030517578125,0.15788061916828156,0.06433891505002975
0.21799999999999997,0.04751309007406235,0.0006103515625,0.15714505314826965,0.06599444895982742
0.21850000000000003,0.04751291498541832,0.0006103515625,0.1571366935968399,0.06484401226043701
0.21899999999999997,0.04751291498541832,0.00030517578125,0.15748663246631622,0.06575309485197067
0.21950000000000003,0.047512978315353394,0.00091552734375,0.15686248242855072,0.06500928103923798
0.21999999999999997,0.047512806951999664,0.00030517578125,0.1571977734565735,0.06485388427972794
0.22050000000000003,0.04751327633857727,0.0006103515625,0.1575576812028885,0.06618037074804306
0.22099999999999997,0.047513220459222794,0.00030517578125,0.15719477832317352,0.06559638679027557
0.22150000000000003,0.04751318693161011,0.00091552734375,0.15724074840545654,0.06626756489276886
0.22199999999999998,0.04751305654644966,0.00030517578125,0.15679417550563812,0.06518898159265518
0.22250000000000003,0.047513145953416824,0.00030517578125,0.15757709741592407,0.06428055465221405
0.22299999999999998,0.0475132130086422,0.00091552734375,0.1575547158718109,0.06523219496011734
0.22350000000000003,0.047512754797935486,0.00030517578125,0.15685014426708221,0.06493700295686722
0.22399999999999998,0.047513119876384735,0.00030517578125,0.15712647140026093,0.0661739930510521
0.22450000000000003,0.047513194382190704,0.00030517578125,0.15686653554439545,0.06506171077489853
0.22499999999999998,0.04751262813806534,0.0006103515625,0.1571730524301529,0.06559520214796066
0.22550000000000003,0.04751309007406235,0.00091552734375,0.15696315467357635,0.06471806019544601
0.22599999999999998,0.04751318320631981,0.0006103515625,0.15718702971935272,0.06514626741409302
0.22650000000000003,0.047513119876384735,0.0,0.15690071880817413,0.06577835977077484
0.22699999999999998,0.047513075172901154,0.0,0.15700942277908325,0.06545860320329666
0.22750000000000004,0.04751305282115936,0.0006103515625,0.15687553584575653,0.06556455045938492
0.22799999999999998,0.04751316457986832,0.00030517578125,0.15665562450885773,0.06531711667776108
0.22850000000000004,0.047512851655483246,0.00091552734375,0.15680229663848877,0.06489410996437073
0.22899999999999998,0.04751340299844742,0.0006103515625,0.15719853341579437,0.06521152704954147
0.22950000000000004,0.04751303419470787,0.0006103515625,0.1571560949087143,0.06544022262096405
0.22999999999999998,0.047512903809547424,-0.00030517578125,0.15702226758003235,0.06615306437015533
0.23050000000000004,0.04751314967870712,0.0006103515625,0.15699787437915802,0.06577074527740479
0.23099999999999998,0.047512926161289215,0.00030517578125,0.15719354152679443,0.06540390104055405
0.23150000000000004,0.04751325398683548,0.0006103515625,0.1569536328315735,0.06536916643381119
0.23199999999999998,0.04751289263367653,0.00091552734375,0.15672917664051056,0.06476687639951706
0.23250000000000004,0.04751339554786682,0.0,0.15703487396240234,0.06677503883838654
0.23299999999999998,0.047513026744127274,0.0006103515625,0.15676149725914001,0.06598379462957382
0.23350000000000004,0.047512948513031006,0.0006103515625,0.15734122693538666,0.06478168815374374
0.23399999999999999,0.047513268887996674,0.00030517578125,0.15678708255290985,0.06559757143259048
0.23450000000000004,0.047512881457805634,0.0006103515625,0.1572205275297165,0.0651036947965622
0.235,0.047513410449028015,0.00030517578125,0.1567431539297104,0.06592534482479095
0.23550000000000004,0.04751306399703026,0.0006103515625,0.15675579011440277,0.06558410078287125
0.236,0.047513194382190704,0.00030517578125,0.15726850926876068,0.06537475436925888
0.23650000000000004,0.04751300811767578,0.00030517578125,0.15671764314174652,0.06636648625135422
0.237,0.047513097524642944,0.00030517578125,0.15722057223320007,0.0649576187133789
0.23750000000000004,0.04751327261328697,0.0,0.15695354342460632,0.06523298472166061
0.238,0.04751289635896683,0.0006103515625,0.1568172574043274,0.06542620062828064
0.23850000000000005,0.047513145953416824,0.0006103515625,0.15655364096164703,0.06614873558282852
0.239,0.0475132055580616,0.0,0.1570795625448227,0.06563884764909744
0.23950000000000005,0.04751306772232056,0.00030517578125,0.15692192316055298,0.06518162041902542
0.24,0.04751316085457802,0.0006103515625,0.15675711631774902,0.06474487483501434
0.24050000000000005,0.047513093799352646,0.0006103515625,0.1573011726140976,0.06409405171871185
0.241,0.04751317948102951,0.0006103515625,0.15662983059883118,0.06545070558786392
0.24150000000000005,0.04751298949122429,0.0006103515625,0.1563630998134613,0.06430982053279877
0.242,0.04751291871070862,0.00030517578125,0.1564996987581253,0.06492321193218231
0.24250000000000005,0.047513071447610855,0.00030517578125,0.15690675377845764,0.06446030735969543
0.243,0.04751276597380638,0.0,0.15652404725551605,0.06447628140449524
0.24350000000000005,0.047512952238321304,0.0006103515625,0.15688008069992065,0.06574873626232147
0.244,0.04751314967870712,0.00030517578125,0.15688219666481018,0.06556691229343414
0.24450000000000005,0.047513023018836975,0.00030517578125,0.1565534472465515,0.06681878119707108
0.245,0.04751305654644966,0.0006103515625,0.15661875903606415,0.06503864377737045
0.24550000000000005,0.04751316457986832,0.0006103515625,0.15686702728271484,0.06500811874866486
0.246,0.04751340299844742,0.0006103515625,0.15698784589767456,0.06519113481044769
0.24650000000000005,0.04751288890838623,0.00030517578125,0.15666167438030243,0.06438777595758438
0.247,0.04751324653625488,0.0,0.15701186656951904,0.06546398252248764
0.24750000000000005,0.04751303046941757,0.0006103515625,0.15669545531272888,0.0660289078950882
0.248,0.04751255735754967,0.00091552734375,0.15678763389587402,0.06553966552019119
0.24850000000000005,0.047513071447610855,0.00030517578125,0.15671147406101227,0.06547283381223679
0.249,0.04751286655664444,0.0006103515625,0.15651683509349823,0.06527230888605118
0.24950000000000006,0.04751322790980339,0.00091552734375,0.1569601148366928,0.06592606008052826
0.25,0.04751286655664444,0.0006103515625,0.15660162270069122,0.06565838307142258
0.25049999999999994,0.04751314967870712,0.00091552734375,0.15689560770988464,0.06561707705259323
0.251,0.047513123601675034,0.0006103515625,0.1567794382572174,0.06555842608213425
0.25149999999999995,0.04751281067728996,0.00030517578125,0.15665794909000397,0.0646037831902504
0.252,0.04751326143741608,0.0006103515625,0.15694107115268707,0.06484608352184296
0.25249999999999995,0.04751300439238548,0.0006103515625,0.1567729264497757,0.06539395451545715
0.253,0.04751301556825638,0.00091552734375,0.15694396197795868,0.06544001400470734
0.25349999999999995,0.0475132130086422,0.0,0.15687021613121033,0.06529748439788818
0.254,0.04751306399703026,0.00030517578125,0.1571984887123108,0.06578989326953888
0.25449999999999995,0.04751310124993324,0.00030517578125,0.15670615434646606,0.0653461292386055
0.255,0.04751300811767578,0.00091552734375,0.15706874430179596,0.0648769736289978
0.25549999999999995,0.047513436526060104,0.0006103515625,0.156875878572464,0.06651405990123749
0.256,0.04751313850283623,0.0006103515625,0.1567818820476532,0.06668903678655624
0.25649999999999995,0.04751293361186981,0.0006103515625,0.15683162212371826,0.06527842581272125
0.257,0.047513335943222046,0.0006103515625,0.1569594144821167,0.0658334270119667
0.25749999999999995,0.04751301184296608,0.00030517578125,0.15710674226284027,0.06433616578578949
0.258,0.04751342907547951,0.001220703125,0.15686821937561035,0.0652957633137703
0.25849999999999995,0.047512851655483246,0.0006103515625,0.15701933205127716,0.06528633832931519
0.259,0.04751322418451309,0.0,0.15730194747447968,0.06564099341630936
0.25949999999999995,0.047512903809547424,0.00091552734375,0.15687128901481628,0.06481673568487167
0.26,0.0475129559636116,0.0006103515625,0.15669938921928406,0.06471201032400131
0.26049999999999995,0.04751342535018921,0.0006103515625,0.1568552404642105,0.06538790464401245
0.261,0.0475129559636116,0.0006103515625,0.15686659514904022,0.06456314772367477
0.26149999999999995,0.047513045370578766,0.00030517578125,0.15701107680797577,0.06528422236442566
0.262,0.047513097524642944,0.00030517578125,0.15719474852085114,0.06570915132761002
0.26249999999999996,0.04751313850283623,0.0006103515625,0.1570739448070526,0.06504637748003006
0.263,0.047513145953416824,0.0006103515625,0.1572495996952057,0.06551647931337357
0.26349999999999996,0.04751314967870712,0.00030517578125,0.15708425641059875,0.06500381231307983
0.264,0.047513142228126526,0.00030517578125,0.15693935751914978,0.0658017247915268
0.26449999999999996,0.04751301556825638,0.0006103515625,0.15716266632080078,0.0648854523897171
0.265,0.047513023018836975,0.00030517578125,0.15678896009922028,0.06554421782493591
0.26549999999999996,0.04751323536038399,0.0006103515625,0.15690869092941284,0.06545434147119522
0.266,0.04751310870051384,0.0006103515625,0.15716572105884552,0.06547865271568298
0.26649999999999996,0.04751303046941757,0.0006103515625,0.15702810883522034,0.0653904378414154
0.267,0.04751298576593399,0.00091552734375,0.15701957046985626,0.0655200406908989
0.26749999999999996,0.047513172030448914,0.00030517578125,0.1569632589817047,0.0668892115354538
0.268,0.04751293733716011,0.00091552734375,0.15698453783988953,0.06512215733528137
0.26849999999999996,0.04751293733716011,0.00030517578125,0.1569102555513382,0.06547249108552933
0.269,0.04751340672373772,0.0006103515625,0.15716075897216797,0.06529872864484787
0.26949999999999996,0.04751290753483772,0.0006103515625,0.15706804394721985,0.06456292420625687
0.27,0.04751304164528847,0.0006103515625,0.1570042371749878,0.06603630632162094
0.27049999999999996,0.04751318320631981,0.00091552734375,0.15702874958515167,0.06564339250326157
0.271,0.04751256853342056,0.00091552734375,0.15748649835586548,0.06573576480150223
0.27149999999999996,0.047513142228126526,0.0006103515625,0.15658845007419586,0.06544432044029236
0.272,0.04751312732696533,0.00091552734375,0.15707865357398987,0.06519438326358795
0.27249999999999996,0.04751335084438324,0.0006103515625,0.15747316181659698,0.06619518250226974
0.273,0.04751291871070862,0.00030517578125,0.15712814033031464,0.06447015702724457
0.27349999999999997,0.04751315712928772,0.00030517578125,0.1577434539794922,0.06598987430334091
0.274,0.04751283675432205,0.00030517578125,0.15694981813430786,0.06589484959840775
0.27449999999999997,0.04751308634877205,0.00030517578125,0.15708139538764954,0.06540094316005707
0.275,0.047513265162706375,0.001220703125,0.1567569375038147,0.06533326953649521
0.27549999999999997,0.047513026744127274,0.0,0.1574208289384842,0.06500190496444702
0.276,0.047513462603092194,0.001220703125,0.1572190523147583,0.06574767082929611
0.27649999999999997,0.04751293733716011,0.00030517578125,0.15696460008621216,0.06487230956554413
0.277,0.047513023018836975,0.0006103515625,0.15728077292442322,0.06576291471719742
0.27749999999999997,0.04751300439238548,0.00030517578125,0.1567787379026413,0.0655641034245491
0.278,0.04751282185316086,0.0,0.1571047604084015,0.06453671306371689
0.27849999999999997,0.047513097524642944,0.00030517578125,0.15717647969722748,0.06628572940826416
0.279,0.04751303046941757,0.00091552734375,0.15722805261611938,0.06492944806814194
0.27949999999999997,0.04751311242580414,0.0006103515625,0.15708155930042267,0.06541069597005844
0.28,0.047513190656900406,0.00091552734375,0.15654000639915466,0.06574049592018127
0.28049999999999997,0.04751315340399742,0.0006103515625,0.15740717947483063,0.06539545953273773
0.281,0.047513023018836975,0.00030517578125,0.15688534080982208,0.06516744196414948
0.2815,0.047512833029031754,0.0006103515625,0.15697674453258514,0.06488919258117676
0.28200000000000003,0.04751305654644966,0.00030517578125,0.15727479755878448,0.06556057929992676
0.2825,0.04751291498541832,0.00030517578125,0.15702828764915466,0.06473851948976517
0.28300000000000003,0.04751298576593399,0.0006103515625,0.15699772536754608,0.06493937224149704
0.2835,0.04751335829496384,0.0006103515625,0.1567162722349167,0.06647210568189621
0.28400000000000003,0.04751293361186981,0.0006103515625,0.1566266268491745,0.06542864441871643
0.2845,0.047513049095869064,0.00030517578125,0.1572505086660385,0.0651627704501152
0.28500000000000003,0.04751299321651459,0.00030517578125,0.1568172574043274,0.06515944004058838
0.2855,0.04751306772232056,0.00030517578125,0.15681038796901703,0.06627856194972992
0.28600000000000003,0.0475134402513504,0.0,0.15696857869625092,0.06532201170921326
0.2865,0.0475132018327713,0.0,0.1566072404384613,0.06421788036823273
0.28700000000000003,0.04751325771212578,0.0006103515625,0.15702994167804718,0.06556087732315063
0.2875,0.04751335829496384,0.0006103515625,0.15649013221263885,0.06472061574459076
0.28800000000000003,0.04751299321651459,0.0,0.15703903138637543,0.0648425966501236
0.2885,0.04751325026154518,0.00030517578125,0.15680555999279022,0.06565435975790024
0.28900000000000003,0.04751284047961235,0.00030517578125,0.15668870508670807,0.06570994853973389
0.2895,0.047513291239738464,0.0006103515625,0.15668870508670807,0.06521671265363693
0.29000000000000004,0.04751298576593399,0.00091552734375,0.15694743394851685,0.0651872456073761
0.2905,0.04751306772232056,0.00091552734375,0.15649861097335815,0.06633421778678894
0.29100000000000004,0.04751292243599892,0.0,0.15632252395153046,0.0655716061592102
0.2915,0.04751306772232056,0.00091552734375,0.15670812129974365,0.06640060245990753
0.29200000000000004,0.04751300811767578,0.00030517578125,0.15656612813472748,0.06543519347906113
0.2925,0.047512833029031754,0.0006103515625,0.15649254620075226,0.06515561789274216
0.29300000000000004,0.04751336947083473,0.00030517578125,0.1571369618177414,0.0651882216334343
0.2935,0.047513447701931,-0.00030517578125,0.15637284517288208,0.06513793766498566
0.29400000000000004,0.04751275107264519,0.001220703125,0.15706072747707367,0.06468722224235535
0.2945,0.04751330614089966,0.00091552734375,0.1567649245262146,0.06515117734670639
0.29500000000000004,0.047512855380773544,0.00091552734375,0.15644946694374084,0.06589009612798691
0.2955,0.04751330241560936,0.0,0.1571696251630783,0.06583680212497711
0.29600000000000004,0.047513075172901154,0.0006103515625,0.1563691943883896,0.06485896557569504
0.2965,0.04751317948102951,0.0006103515625,0.15661989152431488,0.0656638965010643
0.29700000000000004,0.04751298576593399,0.0006103515625,0.15646405518054962,0.06597653776407242
0.2975,0.04751279577612877,0.0,0.15647384524345398,0.06519008427858353
0.29800000000000004,0.04751355201005936,0.0,0.1567249894142151,0.06525339186191559
0.2985,0.047513075172901154,0.0,0.15640759468078613,0.06473925709724426
0.29900000000000004,0.047513142228126526,0.0006103515625,0.15694330632686615,0.06528346985578537
0.2995,0.04751303046941757,0.0006103515625,0.15656913816928864,0.06459981948137283
0.30000000000000004,0.04751317575573921,0.0006103515625,0.15700671076774597,0.06488336622714996
0.3005,0.04751317575573921,0.0006103515625,0.15668173134326935,0.0659952461719513
0.30100000000000005,0.04751315712928772,0.00030517578125,0.15631943941116333,0.06472816318273544
0.3015,0.047513145953416824,0.0006103515625,0.15652890503406525,0.06570863723754883
0.30200000000000005,0.04751288890838623,0.00030517578125,0.1567012220621109,0.0650012344121933
0.3025,0.04751306772232056,0.00030517578125,0.15659461915493011,0.0650220438838005
0.30300000000000005,0.0475129559636116,-0.00030517578125,0.15674103796482086,0.06561239808797836
0.3035,0.047512978315353394,0.0006103515625,0.1565403938293457,0.0653815045952797
0.30400000000000005,0.04751308634877205,0.00091552734375,0.1564057320356369,0.06564148515462875
0.3045,0.04751291498541832,0.0006103515625,0.15640811622142792,0.06480520963668823
0.30500000000000005,0.04751301556825638,0.00030517578125,0.15661391615867615,0.06596457958221436
0.3055,0.04751286655664444,0.00030517578125,0.1570301353931427,0.06461916118860245
0.30600000000000005,0.04751310870051384,0.0006103515625,0.15695622563362122,0.06544408202171326
0.3065,0.04751317948102951,0.0006103515625,0.15644638240337372,0.06559749692678452
0.30700000000000005,0.04751288518309593,0.0006103515625,0.15690302848815918,0.0650675892829895
0.3075,0.04751287028193474,0.0006103515625,0.15653401613235474,0.06565388292074203
0.30800000000000005,0.047512903809547424,-0.00030517578125,0.1565830558538437,0.06522564589977264
0.3085,0.04751291871070862,0.00091552734375,0.15699371695518494,0.06609965860843658
0.30900000000000005,0.047513097524642944,0.0006103515625,0.15668778121471405,0.06556666642427444
0.3095,0.047513045370578766,0.0006103515625,0.15629257261753082,0.06539076566696167
0.31000000000000005,0.04751327261328697,0.00091552734375,0.15686844289302826,0.06609774380922318
0.3105,0.047512929886579514,0.0006103515625,0.15662723779678345,0.06464012712240219
0.31100000000000005,0.047513119876384735,0.00030517578125,0.15713444352149963,0.06569278985261917
0.3115,0.04751318693161011,0.00091552734375,0.15655437111854553,0.06567427515983582
0.31200000000000006,0.04751306027173996,0.00030517578125,0.1567763090133667,0.06556817889213562
0.3125,0.04751330986618996,-0.00030517578125,0.15655094385147095,0.066054567694664
0.31299999999999994,0.04751267656683922,0.0006103515625,0.1570267528295517,0.06484968215227127
0.3135,0.047513123601675034,0.0006103515625,0.15721145272254944,0.06510234624147415
0.31399999999999995,0.047513000667095184,0.0006103515625,0.15670910477638245,0.06509644538164139
0.3145,0.047513142228126526,0.00030517578125,0.15716947615146637,0.06605600565671921
0.31499999999999995,0.04751313850283623,0.0006103515625,0.15650129318237305,0.06565959006547928
0.3155,0.04751298949122429,0.00030517578125,0.15724599361419678,0.06570243090391159
0.31599999999999995,0.04751301184296608,0.00091552734375,0.15674719214439392,0.06564870476722717
0.3165,0.04751283675432205,0.00091552734375,0.15694880485534668,0.06472381949424744
0.31699999999999995,0.047513045370578766,0.00030517578125,0.15695345401763916,0.06468150019645691
0.3175,0.047513172030448914,0.0,0.15690477192401886,0.06491370499134064
0.31799999999999995,0.0475129671394825,0.0006103515625,0.15668652951717377,0.06529288738965988
0.3185,0.047513388097286224,0.00030517578125,0.15676887333393097,0.06555748730897903
0.31899999999999995,0.04751298949122429,0.0006103515625,0.15697717666625977,0.06510291248559952
0.3195,0.04751309007406235,0.00030517578125,0.15670396387577057,0.06497211009263992
0.31999999999999995,0.0475129634141922,0.00030517578125,0.1572217345237732,0.06499603390693665
0.3205,0.04751281812787056,0.00030517578125,0.15676070749759674,0.06546638906002045
0.32099999999999995,0.047513388097286224,0.00030517578125,0.15684355795383453,0.06647323817014694
0.3215,0.04751281812787056,0.0006103515625,0.15668512880802155,0.06506051868200302
0.32199999999999995,0.04751324653625488,0.0,0.15708774328231812,0.06563322991132736
0.3225,0.04751308262348175,0.0006103515625,0.15726426243782043,0.06462471932172775
0.32299999999999995,0.04751298949122429,0.0006103515625,0.15689678490161896,0.06528481096029282
0.3235,0.04751317575573921,0.0006103515625,0.15735748410224915,0.06595586985349655
0.32399999999999995,0.04751285910606384,0.00091552734375,0.15729330480098724,0.06484182178974152
0.3245,0.04751323536038399,0.0006103515625,0.15723776817321777,0.06580746173858643
0.32499999999999996,0.047512952238321304,-0.00030517578125,0.1571008861064911,0.06523869186639786
0.3255,0.04751335456967354,0.00091552734375,0.15760652720928192,0.06535810232162476
0.32599999999999996,0.0475132018327713,0.00030517578125,0.15700678527355194,0.06524556875228882
0.3265,0.0475132018327713,0.00030517578125,0.1568736582994461,0.06525590270757675
0.32699999999999996,0.047513239085674286,0.00030517578125,0.15720301866531372,0.06519777327775955
0.3275,0.047512732446193695,0.00030517578125,0.15693295001983643,0.06411810964345932
0.32799999999999996,0.04751284793019295,0.00030517578125,0.1569247841835022,0.06574103981256485
0.3285,0.04751311242580414,0.0006103515625,0.15715493261814117,0.06399936974048615
0.32899999999999996,0.04751323536038399,0.00091552734375,0.15766781568527222,0.06456887722015381
0.3295,0.04751307889819145,0.00030517578125,0.1566447913646698,0.06620275229215622
0.32999999999999996,0.047513194382190704,0.0006103515625,0.15736933052539825,0.06496267020702362
0.3305,0.04751317948102951,0.0006103515625,0.1573697328567505,0.06567441672086716
0.33099999999999996,0.04751306772232056,0.00030517578125,0.15719369053840637,0.0650096982717514
0.3315,0.04751304164528847,0.0,0.15700173377990723,0.06559499353170395
0.33199999999999996,0.0475134551525116,0.00030517578125,0.15722917020320892,0.06607580184936523
0.3325,0.047513216733932495,-0.00030517578125,0.15718406438827515,0.06577975302934647
0.33299999999999996,0.04751316085457802,0.00030517578125,0.15690898895263672,0.06494135409593582
0.3335,0.047513045370578766,0.0006103515625,0.15730731189250946,0.0640333816409111
0.33399999999999996,0.047513172030448914,0.0,0.15710869431495667,0.06544409692287445
0.3345,0.047513093799352646,-0.00030517578125,0.15689605474472046,0.06511788815259933
0.33499999999999996,0.047513049095869064,0.0006103515625,0.15721891820430756,0.06557457149028778
0.3355,0.04751347377896309,0.0006103515625,0.15746325254440308,0.06578535586595535
0.33599999999999997,0.047512710094451904,0.00030517578125,0.1567913442850113,0.06527722626924515
0.3365,0.04751311615109444,0.00030517578125,0.1576453447341919,0.0663674846291542
0.33699999999999997,0.0475132055580616,0.0006103515625,0.15723304450511932,0.06498914957046509
0.3375,0.04751306027173996,0.00091552734375,0.15740326046943665,0.0651838555932045
0.33799999999999997,0.047513194382190704,0.0006103515625,0.15697485208511353,0.06535768508911133
0.3385,0.047513168305158615,0.00030517578125,0.15737448632717133,0.06555750221014023
0.33899999999999997,0.04751327261328697,0.00030517578125,0.1575431525707245,0.06500760465860367
0.3395,0.047513071447610855,0.0006103515625,0.1569254845380783,0.06455989927053452
0.33999999999999997,0.04751289635896683,0.00030517578125,0.15725098550319672,0.06434646993875504
0.3405,0.0475132130086422,0.0006103515625,0.15743163228034973,0.06480593979358673
0.34099999999999997,0.04751286283135414,0.0006103515625,0.15728150308132172,0.06544084846973419
0.3415,0.047513119876384735,0.0006103515625,0.15706080198287964,0.0656343400478363
0.34199999999999997,0.047513291239738464,0.0006103515625,0.15754027664661407,0.06536374986171722
0.3425,0.04751315712928772,0.00030517578125,0.15719297528266907,0.06545235961675644
0.34299999999999997,0.04751313850283623,0.00030517578125,0.15715709328651428,0.0651048868894577
0.3435,0.047513123601675034,0.0006103515625,0.15717552602291107,0.06522305309772491
0.344,0.047513362020254135,0.0,0.15692631900310516,0.06554833054542542
0.34450000000000003,0.04751291871070862,0.00030517578125,0.1570010781288147,0.06568421423435211
0.345,0.04751303791999817,0.00030517578125,0.15703999996185303,0.06550901383161545
0.34550000000000003,0.04751324653625488,0.00091552734375,0.1571502834558487,0.06504632532596588
0.346,0.047512996941804886,0.0006103515625,0.15727081894874573,0.06468001008033752
0.34650000000000003,0.04751334711909294,0.0,0.15731924772262573,0.06565172970294952
0.347,0.0475129559636116,0.0,0.15704436600208282,0.0647062435746193
0.34750000000000003,0.047513045370578766,0.00091552734375,0.15689457952976227,0.06659925729036331
0.348,0.04751307889819145,0.00091552734375,0.15701118111610413,0.06595077365636826
0.34850000000000003,0.04751315340399742,0.0006103515625,0.15697243809700012,0.06501423567533493
0.349,0.047513097524642944,0.00030517578125,0.15727825462818146,0.06550886482000351
0.34950000000000003,0.04751305282115936,0.0,0.15711523592472076,0.06485696882009506
0.35,0.047512948513031006,0.00030517578125,0.15726228058338165,0.06652318686246872
0.35050000000000003,0.0475129596889019,0.0006103515625,0.1569070667028427,0.06532509624958038
0.351,0.04751314967870712,0.0,0.15700818598270416,0.06554220616817474
0.35150000000000003,0.04751311242580414,0.0006103515625,0.15698377788066864,0.06530199944972992
0.352,0.047512952238321304,0.00030517578125,0.15713252127170563,0.06499835848808289
0.35250000000000004,0.04751329869031906,0.00091552734375,0.15686513483524323,0.06597227603197098
0.353,0.047513097524642944,0.001220703125,0.15696603059768677,0.06504079699516296
0.35350000000000004,0.04751313850283623,0.0006103515625,0.15735268592834473,0.06562195718288422
0.354,0.04751303419470787,0.0,0.15675553679466248,0.06556679308414459
0.35450000000000004,0.04751279205083847,0.00030517578125,0.15700975060462952,0.0655098631978035
0.355,0.04751313477754593,0.00030517578125,0.15708039700984955,0.06568103283643723
0.35550000000000004,0.04751284420490265,0.0006103515625,0.15693385899066925,0.06462132930755615
0.356,0.04751310497522354,0.0006103515625,0.15701530873775482,0.06627268344163895
0.35650000000000004,0.04751327261328697,0.0006103515625,0.15701113641262054,0.06571107357740402
0.357,0.047513026744127274,0.00030517578125,0.15708649158477783,0.06511769443750381
0.35750000000000004,0.047513239085674286,0.0006103515625,0.1571418195962906,0.06533768773078918
0.358,0.047512803226709366,0.0006103515625,0.15703003108501434,0.06480176746845245
0.35850000000000004,0.047513049095869064,0.0006103515625,0.1572335660457611,0.06487908214330673
0.359,0.04751323163509369,0.0006103515625,0.1567520797252655,0.06531096249818802
0.35950000000000004,0.04751330614089966,0.0006103515625,0.1568535715341568,0.06586755067110062
0.36,0.047513172030448914,0.0006103515625,0.1571025848388672,0.06557928025722504
0.36050000000000004,0.04751305282115936,0.00030517578125,0.15653131902217865,0.06497662514448166
0.361,0.047513265162706375,0.0006103515625,0.15686841309070587,0.06588542461395264
0.36150000000000004,0.047512978315353394,0.00091552734375,0.1571812778711319,0.06468763947486877
0.362,0.047513045370578766,0.0006103515625,0.15667662024497986,0.06588087975978851
0.36250000000000004,0.047513317316770554,0.001220703125,0.15685328841209412,0.0653567761182785
0.363,0.04751294478774071,0.00091552734375,0.15702296793460846,0.06605864316225052
0.36350000000000005,0.04751334711909294,0.00030517578125,0.15659838914871216,0.06595180928707123
0.364,0.04751285910606384,0.0006103515625,0.15705981850624084,0.0641501247882843
0.36450000000000005,0.047512736171483994,0.00030517578125,0.15674790740013123,0.06490033864974976
0.365,0.04751310870051384,0.0006103515625,0.15716849267482758,0.06545514613389969
0.36550000000000005,0.047512684017419815,0.00030517578125,0.15683622658252716,0.06528070569038391
0.366,0.04751332849264145,0.00030517578125,0.15663491189479828,0.06525273621082306
0.36650000000000005,0.04751287400722504,0.0006103515625,0.15692606568336487,0.06477684527635574
0.367,0.047513093799352646,0.0006103515625,0.156797856092453,0.06401702016592026
0.36750000000000005,0.04751327261328697,0.00091552734375,0.15676087141036987,0.06499432027339935
0.368,0.04751293733716011,0.00091552734375,0.15682359039783478,0.06575757265090942
0.36850000000000005,0.047513384371995926,0.00030517578125,0.15704405307769775,0.06660515815019608
0.369,0.0475127138197422,0.0006103515625,0.15726423263549805,0.06505900621414185
0.36950000000000005,0.047513145953416824,0.0006103515625,0.15728577971458435,0.0654202401638031
0.37,0.047513049095869064,0.00091552734375,0.1572006791830063,0.06489373743534088
0.37050000000000005,0.047513045370578766,0.00030517578125,0.15685105323791504,0.06521161645650864
0.371,0.04751338064670563,0.00030517578125,0.15691442787647247,0.06577564775943756
0.37150000000000005,0.04751289635896683,0.00030517578125,0.15689536929130554,0.06583350896835327
0.372,0.04751327261328697,0.00091552734375,0.15679679811000824,0.06520450860261917
0.37250000000000005,0.047512929886579514,0.0006103515625,0.15687590837478638,0.06491999328136444
0.373,0.047513071447610855,0.0006103515625,0.15714389085769653,0.06494709849357605
0.37350000000000005,0.047513119876384735,0.0006103515625,0.156887948513031,0.06595034152269363
0.374,0.04751286655664444,0.0006103515625,0.15677915513515472,0.06541727483272552
0.37450000000000006,0.047513194382190704,0.00091552734375,0.15670935809612274,0.06634519249200821
0.375,0.04751283675432205,0.0006103515625,0.15698182582855225,0.06526946276426315
0.37549999999999994,0.0475132092833519,0.0006103515625,0.1570289134979248,0.06533306837081909
0.376,0.04751266911625862,0.00030517578125,0.1569688767194748,0.06500410288572311
0.37649999999999995,0.04751303046941757,0.001220703125,0.15709444880485535,0.06520242244005203
0.377,0.047513049095869064,0.00091552734375,0.15719392895698547,0.06553829461336136
0.37749999999999995,0.047512974590063095,0.00091552734375,0.1567227691411972,0.06475880742073059
0.378,0.04751332849264145,0.0006103515625,0.1567128449678421,0.06617451459169388
0.37849999999999995,0.04751281812787056,0.00030517578125,0.15678443014621735,0.06452626734972
0.379,0.04751292243599892,0.0006103515625,0.15715627372264862,0.06433327496051788
0.37949999999999995,0.047513216733932495,0.0,0.1570456475019455,0.06565840542316437
0.38,0.04751306399703026,0.0006103515625,0.1567801535129547,0.06546048820018768
0.38049999999999995,0.04751311242580414,0.0,0.1568942368030548,0.06546209752559662
0.381,0.04751291871070862,0.00030517578125,0.1566941887140274,0.06515708565711975
0.38149999999999995,0.04751318320631981,0.0006103515625,0.15682095289230347,0.06509052217006683
0.382,0.04751318320631981,0.0006103515625,0.15701238811016083,0.06483835726976395
0.38249999999999995,0.047513198107481,0.00091552734375,0.15672729909420013,0.06430378556251526
0.383,0.047513216733932495,0.00030517578125,0.1571122109889984,0.06581885367631912
0.38349999999999995,0.04751269519329071,0.00030517578125,0.1567196100950241,0.06535500288009644
0.384,0.047512974590063095,0.00091552734375,0.1571710854768753,0.06577467918395996
0.38449999999999995,0.047512996941804886,0.0006103515625,0.15671291947364807,0.06467848271131516
0.385,0.04751305282115936,0.00030517578125,0.1568555384874344,0.0656009316444397
0.38549999999999995,0.047513097524642944,0.0,0.15710751712322235,0.06580023467540741
0.386,0.04751328378915787,0.0,0.1564466655254364,0.06624773889780045
0.38649999999999995,0.047513093799352646,0.0006103515625,0.15705539286136627,0.06600156426429749
0.387,0.04751298949122429,0.00091552734375,0.15708684921264648,0.06488484144210815
0.38749999999999996,0.04751289635896683,0.00030517578125,0.15735651552677155,0.06483861804008484
0.388,0.04751309007406235,0.00030517578125,0.15655437111854553,0.06559158861637115
0.38849999999999996,0.04751301184296608,0.0006103515625,0.15691180527210236,0.06568658351898193
0.389,0.04751318320631981,0.0006103515625,0.15680085122585297,0.06587883830070496
0.38949999999999996,0.047513194382190704,0.00030517578125,0.15699176490306854,0.06547152251005173
0.39,0.04751267284154892,-0.00030517578125,0.1570761650800705,0.06535401940345764
0.39049999999999996,0.0475129708647728,0.00030517578125,0.15706554055213928,0.06495572626590729
0.391,0.047513097524642944,0.00030517578125,0.15746423602104187,0.06439555436372757
0.39149999999999996,0.04751327261328697,0.0,0.15672191977500916,0.06544792652130127
0.392,0.04751294478774071,0.0,0.15681509673595428,0.06518523395061493
0.39249999999999996,0.047512926161289215,0.0,0.15686459839344025,0.0656030923128128
0.393,0.047513239085674286,0.0,0.15678755939006805,0.06496850401163101
0.39349999999999996,0.04751291871070862,0.0006103515625,0.15704607963562012,0.06429961323738098
0.394,0.04751313850283623,0.0006103515625,0.15729296207427979,0.06408455222845078
0.39449999999999996,0.0475129671394825,0.0006103515625,0.15680170059204102,0.06511150300502777
0.395,0.04751349240541458,0.00030517578125,0.15752942860126495,0.06551150977611542
0.39549999999999996,0.047512877732515335,0.0006103515625,0.15633748471736908,0.06550396978855133
0.396,0.04751282185316086,0.00030517578125,0.15705449879169464,0.0655612200498581
0.39649999999999996,0.047513194382190704,0.0006103515625,0.15740735828876495,0.06591403484344482
0.397,0.04751307889819145,0.00030517578125,0.15675973892211914,0.06467314064502716
0.39749999999999996,0.04751334339380264,0.0,0.15691377222537994,0.06639442592859268
0.398,0.047512855380773544,0.0006103515625,0.15684568881988525,0.06568799912929535
0.39849999999999997,0.04751315340399742,0.00030517578125,0.157037615776062,0.06547433882951736
0.399,0.04751313850283623,0.0,0.1568690538406372,0.0651664063334465
0.39949999999999997,0.0475129634141922,0.00091552734375,0.1569332629442215,0.0648203045129776
0.4,0.04751315712928772,0.0,0.15710937976837158,0.0652538388967514
0.40049999999999997,0.04751290753483772,0.00030517578125,0.1565169394016266,0.06457440555095673
0.401,0.047513190656900406,0.00091552734375,0.15690812468528748,0.06596553325653076
0.40149999999999997,0.04751287400722504,0.0006103515625,0.15704631805419922,0.06511151045560837
0.402,0.04751283675432205,0.0006103515625,0.15696734189987183,0.06492314487695694
0.40249999999999997,0.04751332849264145,0.0,0.15693899989128113,0.06500793993473053
0.403,0.04751309007406235,0.0006103515625,0.15691256523132324,0.06500782817602158
0.40349999999999997,0.04751333221793175,0.0006103515625,0.15703201293945312,0.06618863344192505
0.404,0.047513190656900406,0.00030517578125,0.15665952861309052,0.06514371931552887
0.40449999999999997,0.047513045370578766,0.0006103515625,0.15693506598472595,0.06571726500988007
0.405,0.047513123601675034,0.0006103515625,0.1572233885526657,0.06541547179222107
0.40549999999999997,0.04751335084438324,0.0,0.15680235624313354,0.06400632858276367
0.406,0.0475132130086422,0.0,0.15687206387519836,0.06519626826047897
0.4065,0.047513075172901154,0.00030517578125,0.15705491602420807,0.06490345299243927
0.40700000000000003,0.04751298576593399,0.00030517578125,0.1567467749118805,0.0659039318561554
0.4075,0.047512929886579514,0.0006103515625,0.1566314697265625,0.06552348285913467
0.40800000000000003,0.04751306027173996,0.0006103515625,0.15662163496017456,0.06509075313806534
0.4085,0.04751335829496384,0.0006103515625,0.15665605664253235,0.06516284495592117
0.40900000000000003,0.04751291498541832,0.0006103515625,0.1568652093410492,0.06531143933534622
0.4095,0.047513093799352646,0.00030517578125,0.15714843571186066,0.0666482150554657
0.41000000000000003,0.04751304164528847,0.0,0.15660631656646729,0.06493056565523148
0.4105,0.04751306027173996,0.0006103515625,0.15649493038654327,0.06521180272102356
0.41100000000000003,0.04751300439238548,0.00030517578125,0.15666119754314423,0.06552184373140335
0.4115,0.04751325771212578,0.0006103515625,0.15682829916477203,0.0653609037399292
0.41200000000000003,0.047513447701931,0.0006103515625,0.15660567581653595,0.06514006853103638
0.4125,0.047512974590063095,0.0006103515625,0.15683546662330627,0.06554949283599854
0.41300000000000003,0.04751279205083847,0.0006103515625,0.15687572956085205,0.06515194475650787
0.4135,0.04751300439238548,0.0006103515625,0.15700975060462952,0.06532451510429382
0.41400000000000003,0.04751298576593399,0.0,0.1567973792552948,0.06520935893058777
0.4145,0.0475132055580616,0.0006103515625,0.15675349533557892,0.0653575211763382
0.41500000000000004,0.04751325026154518,0.00091552734375,0.15668925642967224,0.06484568864107132
0.4155,0.04751318693161011,0.00030517578125,0.15690170228481293,0.06562318652868271
0.41600000000000004,0.04751307889819145,0.0006103515625,0.15684212744235992,0.06601733714342117
0.4165,0.047513119876384735,0.0006103515625,0.15689197182655334,0.064784474670887
0.41700000000000004,0.04751305282115936,0.0,0.15687939524650574,0.06416052579879761
0.4175,0.04751288890838623,0.00030517578125,0.15666484832763672,0.064617820084095
0.41800000000000004,0.047513242810964584,0.00030517578125,0.15672892332077026,0.06584777683019638
0.4185,0.04751329869031906,0.0,0.15665818750858307,0.06534651666879654
0.41900000000000004,0.047512833029031754,0.0,0.15654611587524414,0.06571932882070541
0.4195,0.04751351848244667,0.00030517578125,0.1568853259086609,0.06534436345100403
0.42000000000000004,0.04751308634877205,0.0006103515625,0.15685048699378967,0.06488973647356033
0.4205,0.04751335084438324,0.0,0.15683630108833313,0.06553027778863907
0.42100000000000004,0.04751323536038399,0.00030517578125,0.15634143352508545,0.06614352762699127
0.4215,0.04751300811767578,0.00091552734375,0.1567848175764084,0.0655112937092781
0.42200000000000004,0.04751322790980339,0.00030517578125,0.1566748470067978,0.06510941684246063
0.4225,0.04751279577612877,0.00030517578125,0.15647250413894653,0.06438776105642319
0.42300000000000004,0.0475132055580616,0.0006103515625,0.15687412023544312,0.06608028709888458
0.4235,0.0475129634141922,0.0006103515625,0.15668411552906036,0.06563011556863785
0.42400000000000004,0.04751291871070862,0.00091552734375,0.1567712426185608,0.06540383398532867
0.4245,0.04751304164528847,0.00030517578125,0.15672972798347473,0.06596965342760086
0.42500000000000004,0.04751298204064369,0.0006103515625,0.15701784193515778,0.06544968485832214
0.4255,0.04751325771212578,0.00091552734375,0.15664078295230865,0.06504226475954056
0.42600000000000005,0.04751310124993324,0.0006103515625,0.15664787590503693,0.0649183988571167
0.4265,0.04751313850283623,0.00030517578125,0.1567625254392624,0.06591889262199402
0.42700000000000005,0.047513190656900406,0.00030517578125,0.15672312676906586,0.0654933899641037
0.4275,0.047513119876384735,0.00030517578125,0.15694560110569,0.06589469313621521
0.42800000000000005,0.04751313477754593,0.0006103515625,0.15654999017715454,0.06574440002441406
0.4285,0.0475129596889019,0.00091552734375,0.15716096758842468,0.06429614871740341
0.42900000000000005,0.047513220459222794,0.0,0.15677271783351898,0.06580579280853271
0.4295,0.047513172030448914,0.0006103515625,0.15670078992843628,0.06519550085067749
0.43000000000000005,0.04751308634877205,0.0,0.15689785778522491,0.06558170169591904
0.4305,0.047512948513031006,0.00030517578125,0.1564178317785263,0.06578998267650604
0.43100000000000005,0.04751301184296608,0.0006103515625,0.1569458544254303,0.06529057770967484
0.4315,0.04751305654644966,0.00030517578125,0.15719175338745117,0.06575611233711243
0.43200000000000005,0.04751293733716011,0.0,0.1569739580154419,0.06448288261890411
0.4325,0.047513339668512344,0.0006103515625,0.1567523330450058,0.06627415120601654
0.43300000000000005,0.04751315712928772,0.0006103515625,0.1571008861064911,0.06557677686214447
0.4335,0.04751287400722504,0.00091552734375,0.15657086670398712,0.06462326645851135
0.43400000000000005,0.047513317316770554,0.0006103515625,0.15686243772506714,0.06577639281749725
0.4345,0.04751316085457802,0.0,0.15685057640075684,0.06450984627008438
0.43500000000000005,0.04751305654644966,0.00030517578125,0.157043918967247,0.06527721136808395
0.4355,0.04751303046941757,0.00091552734375,0.1569608598947525,0.06561274081468582
0.43600000000000005,0.047513145953416824,0.00091552734375,0.15685614943504333,0.06654039770364761
0.4365,0.0475132018327713,0.0006103515625,0.15698619186878204,0.06653892248868942
0.43700000000000006,0.047513145953416824,0.00091552734375,0.15687350928783417,0.06504812091588974
0.4375,0.04751299321651459,0.0,0.15705452859401703,0.06562802195549011
0.43799999999999994,0.0475129708647728,0.0006103515625,0.1567833423614502,0.06550529599189758
0.4385,0.04751294478774071,0.00091552734375,0.15679983794689178,0.0658489391207695
0.43899999999999995,0.04751310870051384,0.00030517578125,0.15704721212387085,0.06579390168190002
0.4395,0.04751298949122429,-0.00030517578125,0.15700621902942657,0.06494597345590591
0.43999999999999995,0.047512806951999664,0.00030517578125,0.15689629316329956,0.06408979743719101
0.4405,0.047512903809547424,0.0006103515625,0.15697833895683289,0.0652814507484436
0.44099999999999995,0.04751305282115936,0.00030517578125,0.1570684015750885,0.06542131304740906
0.4415,0.047513145953416824,0.0006103515625,0.15706928074359894,0.06532628834247589
0.44199999999999995,0.04751287400722504,0.0006103515625,0.15693195164203644,0.06536910682916641
0.4425,0.04751313477754593,0.0006103515625,0.1571206897497177,0.06608982384204865
0.44299999999999995,0.04751292243599892,0.00030517578125,0.1570265144109726,0.06482461839914322
0.4435,0.047513313591480255,0.0006103515625,0.15719327330589294,0.06549735367298126
0.44399999999999995,0.0475132055580616,0.0006103515625,0.15671633183956146,0.06571254134178162
0.4445,0.047513123601675034,0.00030517578125,0.15701957046985626,0.06527763605117798
0.44499999999999995,0.04751311615109444,0.0006103515625,0.15736861526966095,0.06547855585813522
0.4455,0.04751288890838623,0.00091552734375,0.15674065053462982,0.06496888399124146
0.44599999999999995,0.04751322418451309,0.00091552734375,0.15709954500198364,0.06560231745243073
0.4465,0.04751298949122429,0.00030517578125,0.1570267379283905,0.06463281065225601
0.44699999999999995,0.04751277714967728,-0.00030517578125,0.15693163871765137,0.06494367867708206
0.4475,0.047513093799352646,0.0,0.15659041702747345,0.06660863012075424
0.44799999999999995,0.04751323163509369,0.00091552734375,0.1569131314754486,0.06573190540075302
0.4485,0.0475132018327713,0.00030517578125,0.15678264200687408,0.06506326049566269
0.44899999999999995,0.04751301556825638,0.00030517578125,0.1566036343574524,0.06503390520811081
0.4495,0.047513119876384735,0.00030517578125,0.15757519006729126,0.06539684534072876
0.44999999999999996,0.04751306399703026,0.0,0.15710873901844025,0.0657644271850586
0.4505,0.04751290753483772,0.00030517578125,0.1572703868150711,0.06563230603933334
0.45099999999999996,0.04751327633857727,0.00030517578125,0.15695109963417053,0.06604841351509094
0.4515,0.04751311615109444,0.0006103515625,0.15711280703544617,0.06379901617765427
0.45199999999999996,0.04751300811767578,0.0006103515625,0.15662014484405518,0.06516014039516449
0.4525,0.04751301929354668,0.00091552734375,0.15685097873210907,0.06562786549329758
0.45299999999999996,0.0475129634141922,0.0006103515625,0.15721042454242706,0.06544981151819229
0.4535,0.04751303791999817,0.00030517578125,0.15703311562538147,0.06561551988124847
0.45399999999999996,0.04751281812787056,0.00030517578125,0.15673527121543884,0.0653982013463974
0.4545,0.04751325398683548,0.0,0.15735360980033875,0.06597016751766205
0.45499999999999996,0.04751303791999817,0.0006103515625,0.15693295001983643,0.06456389278173447
0.4555,0.04751288890838623,0.001220703125,0.15680137276649475,0.06487102806568146
0.45599999999999996,0.04751313477754593,-0.00030517578125,0.15715357661247253,0.06669072061777115
0.4565,0.047512780874967575,-0.00030517578125,0.15696977078914642,0.06491293013095856
0.45699999999999996,0.047512609511613846,0.00030517578125,0.15733392536640167,0.06545348465442657
0.4575,0.04751310124993324,0.0006103515625,0.15710437297821045,0.06432975083589554
0.45799999999999996,0.04751323536038399,0.0,0.1569540798664093,0.064835324883461
0.4585,0.04751309007406235,0.0006103515625,0.15683779120445251,0.0654311552643776
0.45899999999999996,0.047512900084257126,-0.0006103515625,0.15663489699363708,0.06553022563457489
0.4595,0.047512996941804886,0.0006103515625,0.1571420431137085,0.06586970388889313
0.45999999999999996,0.04751307889819145,0.00030517578125,0.15676188468933105,0.06433966755867004
0.4605,0.04751294478774071,0.00091552734375,0.15708863735198975,0.0655105710029602
0.46099999999999997,0.047513239085674286,0.00030517578125,0.15715542435646057,0.0647762343287468
0.4615,0.04751299321651459,0.0006103515625,0.15720805525779724,0.06509175151586533
0.46199999999999997,0.047512829303741455,0.00091552734375,0.15725038945674896,0.06566901504993439
0.4625,0.04751279950141907,0.00030517578125,0.15725988149642944,0.06525371968746185
0.46299999999999997,0.04751289635896683,0.00030517578125,0.1576390266418457,0.06620518863201141
0.4635,0.04751300439238548,0.0006103515625,0.15679869055747986,0.0653342604637146
0.46399999999999997,0.04751294478774071,0.00030517578125,0.15676522254943848,0.06516877561807632
0.4645,0.047513335943222046,0.00091552734375,0.15730911493301392,0.06540844589471817
0.46499999999999997,0.04751303046941757,0.001220703125,0.15682527422904968,0.06584686785936356
0.4655,0.04751310124993324,0.0006103515625,0.15730957686901093,0.06571190059185028
0.46599999999999997,0.04751329496502876,0.0006103515625,0.15713901817798615,0.06553594022989273
0.4665,0.04751294478774071,0.00030517578125,0.15701572597026825,0.064711794257164
0.46699999999999997,0.04751329496502876,0.0006103515625,0.156768336892128,0.06433244049549103
0.4675,0.04751305282115936,0.00030517578125,0.1570391058921814,0.06536448746919632
0.46799999999999997,0.047513242810964584,0.0,0.15748034417629242,0.06631272286176682
0.4685,0.047512926161289215,0.0,0.15694226324558258,0.06508135795593262
0.469,0.04751306772232056,0.0006103515625,0.15729962289333344,0.0650380477309227
0.46950000000000003,0.04751306399703026,0.00030517578125,0.1567225456237793,0.06523397564888
0.47,0.04751289635896683,0.00030517578125,0.15705183148384094,0.06442295759916306
0.47050000000000003,0.04751354455947876,0.00091552734375,0.15676547586917877,0.06715473532676697
0.471,0.04751315340399742,0.00030517578125,0.15684029459953308,0.06645161658525467
0.47150000000000003,0.047513142228126526,0.00091552734375,0.15710361301898956,0.06631425768136978
0.472,0.04751285910606384,0.001220703125,0.15680038928985596,0.06519781053066254
0.47250000000000003,0.047513216733932495,0.00091552734375,0.15765173733234406,0.06518501788377762
0.473,0.047513198107481,0.00030517578125,0.15728703141212463,0.06590220332145691
0.47350000000000003,0.04751291126012802,0.00030517578125,0.15746358036994934,0.0654643326997757
0.474,0.04751310497522354,0.0006103515625,0.156808540225029,0.06661076843738556
0.47450000000000003,0.047512929886579514,0.0006103515625,0.1569502353668213,0.06605593115091324
0.475,0.047513168305158615,0.0006103515625,0.15716159343719482,0.06533662974834442
0.47550000000000003,0.04751313477754593,0.00091552734375,0.15693411231040955,0.06558313220739365
0.476,0.0475132092833519,0.0006103515625,0.1572398692369461,0.0651375949382782
0.47650000000000003,0.04751329869031906,0.0006103515625,0.1571396291255951,0.06577447801828384
0.477,0.047513075172901154,0.0006103515625,0.15717482566833496,0.06470771878957748
0.47750000000000004,0.04751310870051384,0.00030517578125,0.1571568250656128,0.06609834730625153
0.478,0.04751312732696533,0.00030517578125,0.1571020931005478,0.06464061886072159
0.47850000000000004,0.0475129559636116,0.0006103515625,0.15659865736961365,0.0643414556980133
0.479,0.047513384371995926,0.0006103515625,0.15686582028865814,0.06575813889503479
0.47950000000000004,0.04751313105225563,0.0006103515625,0.15684467554092407,0.0651785135269165
0.48,0.04751300811767578,0.00030517578125,0.15687160193920135,0.06601599603891373
0.48050000000000004,0.047513045370578766,0.00030517578125,0.15683452785015106,0.06483147293329239
0.481,0.04751299321651459,0.00030517578125,0.15750345587730408,0.06500492990016937
0.48150000000000004,0.04751294478774071,0.00030517578125,0.1570754200220108,0.06421579420566559
0.482,0.047512881457805634,0.0006103515625,0.15665967762470245,0.06571240723133087
0.48250000000000004,0.047513172030448914,0.00091552734375,0.15679919719696045,0.06569458544254303
0.483,0.04751311615109444,0.00091552734375,0.15676423907279968,0.06490526348352432
0.48350000000000004,0.047512881457805634,0.0006103515625,0.15679922699928284,0.06611951440572739
0.484,0.04751301556825638,0.00030517578125,0.15681105852127075,0.06475362181663513
0.48450000000000004,0.047513142228126526,0.0006103515625,0.15755876898765564,0.06480555236339569
0.485,0.04751325026154518,0.00091552734375,0.15668272972106934,0.06526001542806625
0.48550000000000004,0.0475129708647728,0.0,0.15699434280395508,0.06499103456735611
0.486,0.047512851655483246,0.0006103515625,0.15746648609638214,0.06546425074338913
0.48650000000000004,0.04751313477754593,0.00030517578125,0.1567637324333191,0.0643213540315628
0.487,0.04751277342438698,0.0006103515625,0.15675443410873413,0.06432345509529114
0.48750000000000004,0.047513172030448914,0.0,0.1570061892271042,0.06469816714525223
0.488,0.04751315712928772,0.00091552734375,0.1569301337003708,0.06518085300922394
0.48850000000000005,0.047513097524642944,0.0,0.15652434527873993,0.06531938910484314
0.489,0.04751305654644966,0.0006103515625,0.15691553056240082,0.06573168188333511
0.48950000000000005,0.04751313477754593,0.00030517578125,0.15728290379047394,0.06489328294992447
0.49,0.04751323536038399,0.00030517578125,0.15693850815296173,0.06435909867286682
0.49050000000000005,0.04751306027173996,0.0006103515625,0.15705010294914246,0.06521880626678467
0.491,0.04751324653625488,0.0006103515625,0.1569901704788208,0.06580556929111481
0.49150000000000005,0.04751289635896683,0.00152587890625,0.1568192094564438,0.06568766385316849
0.492,0.047512926161289215,0.0006103515625,0.15686209499835968,0.06542257964611053
0.49250000000000005,0.047513119876384735,0.00030517578125,0.15697702765464783,0.06550539284944534
0.493,0.04751287400722504,0.0006103515625,0.1569640040397644,0.06478355079889297
0.49350000000000005,0.04751311242580414,0.00091552734375,0.15701313316822052,0.06617048382759094
0.494,0.04751294106245041,0.00030517578125,0.15721775591373444,0.06594962626695633
0.49450000000000005,0.04751308262348175,0.0006103515625,0.15732218325138092,0.06571362912654877
0.495,0.04751315340399742,0.00030517578125,0.15651023387908936,0.06521273404359818
0.49550000000000005,0.04751299321651459,0.00030517578125,0.15711095929145813,0.06523626297712326
0.496,0.04751341789960861,0.00091552734375,0.15708011388778687,0.0650530681014061
0.49650000000000005,0.047513142228126526,0.0,0.1571625918149948,0.06441731750965118
0.497,0.04751303791999817,0.0006103515625,0.15725620090961456,0.0658128634095192
0.49750000000000005,0.047512926161289215,0.0006103515625,0.15745826065540314,0.06432879716157913
0.498,0.04751318320631981,0.0006103515625,0.1573139876127243,0.06493357568979263
0.49850000000000005,0.0475129559636116,0.0006103515625,0.15695495903491974,0.0650036409497261
0.499,0.04751289263367653,0.00091552734375,0.15709324181079865,0.06460881233215332
0.49950000000000006,0.04751313105225563,0.00030517578125,0.1569192260503769,0.06549187749624252
0.5,0.04751301556825638,0.00030517578125,0.15670287609100342,0.0651707872748375
0.5005,0.04751317575573921,0.0006103515625,0.15772081911563873,0.066121406853199
0.5009999999999999,0.047513190656900406,0.0006103515625,0.15727499127388,0.06483874469995499
0.5015000000000001,0.047513447701931,0.00091552734375,0.15700595080852509,0.06528083980083466
0.502,0.047513119876384735,0.0006103515625,0.15727144479751587,0.06562095880508423
0.5025,0.04751294106245041,0.0006103515625,0.157113716006279,0.06529828906059265
0.5029999999999999,0.04751322790980339,0.00091552734375,0.15716758370399475,0.06647822260856628
0.5035000000000001,0.04751291126012802,0.0006103515625,0.15697675943374634,0.06475374847650528
0.504,0.04751282557845116,0.0006103515625,0.15763917565345764,0.06557057052850723
0.5045,0.047513287514448166,0.0006103515625,0.15735000371932983,0.06469202041625977
0.5049999999999999,0.04751265048980713,0.0006103515625,0.15681053698062897,0.06591256707906723
0.5055000000000001,0.04751313850283623,0.00030517578125,0.15713918209075928,0.06586985290050507
0.506,0.047512978315353394,0.0006103515625,0.1571090817451477,0.06529466807842255
0.5065,0.04751309007406235,0.0006103515625,0.1575089395046234,0.06559751182794571
0.5069999999999999,0.04751325398683548,0.00091552734375,0.15694323182106018,0.0646948367357254
0.5075000000000001,0.047513026744127274,0.00030517578125,0.1575220674276352,0.06516972184181213
0.508,0.04751313850283623,7.93853759765625,0.15733684599399567,0.0650966688990593
0.5085,0.04751291126012802,7.9541015625,0.15718144178390503,0.06558836996555328
0.5089999999999999,0.047512710094451904,7.950439453125,0.1575634479522705,0.06511785089969635
0.5095000000000001,0.047513045370578766,7.9461669921875,0.1571333408355713,0.06484147161245346
0.51,0.047513220459222794,7.94952392578125,0.15680453181266785,0.06485705077648163
0.5105,0.04751336947083473,7.94525146484375,0.15652379393577576,0.06568899005651474
0.5109999999999999,0.04751298576593399,7.94586181640625,0.1568697839975357,0.06519349664449692
0.5115000000000001,0.04751313850283623,7.94830322265625,0.15796028077602386,0.0659942626953125
0.512,0.04751250892877579,7.9473876953125,0.16401581466197968,0.06503177434206009
0.5125,0.047510307282209396,7.94464111328125,0.18027682602405548,0.06578212231397629
0.5129999999999999,0.047505512833595276,0.00091552734375,0.21061141788959503,0.0651271790266037
0.5135000000000001,0.04749665409326553,0.00091552734375,0.25822433829307556,0.06388548761606216
0.514,0.04748513922095299,0.0006103515625,0.3256019055843353,0.0660635307431221
0.5145,0.04746971279382706,0.0006103515625,0.4102785885334015,0.06483607739210129
0.5149999999999999,0.04745299369096756,0.00030517578125,0.5049010515213013,0.0652059018611908
0.5155000000000001,0.04743734747171402,0.00030517578125,0.6052553653717041,0.06442539393901825
0.516,0.04742444306612015,0.00091552734375,0.7069153785705566,0.06405492126941681
0.5165,0.04741545021533966,0.0006103515625,0.8079237937927246,0.0642719566822052
0.5169999999999999,0.04740976542234421,0.00030517578125,0.9089139103889465,0.06323178857564926
0.5175000000000001,0.04740748926997185,0.0006103515625,1.010368824005127,0.06427127867937088
0.518,0.04740668460726738,7.93853759765625,1.1139934062957764,0.06376083195209503
0.5185,0.0474059171974659,7.95318603515625,1.2203775644302368,0.06304753571748734
0.5189999999999999,0.047405946999788284,7.95013427734375,1.3280245065689087,0.06226961687207222
0.5195000000000001,0.047405485063791275,7.94586181640625,1.4355336427688599,0.06187542527914047
0.52,0.04740610346198082,7.9498291015625,1.5405629873275757,0.06268932670354843
0.5205,0.04740746319293976,7.945556640625,1.6432178020477295,0.061263419687747955
0.5209999999999999,0.047409817576408386,7.94525146484375,1.7428817749023438,0.06129172444343567
0.5215000000000001,0.04741295427083969,7.94677734375,1.8416730165481567,0.06000308692455292
0.522,0.04741571471095085,7.94677734375,1.9443095922470093,0.05926186218857765
0.5225,0.04741712659597397,7.9443359375,2.054269790649414,0.05882330611348152
0.5229999999999999,0.04741552844643593,0.00091552734375,2.172534942626953,0.05918849632143974
0.5235000000000001,0.04741206020116806,0.0006103515625,2.2986927032470703,0.05856551229953766
0.524,0.04740654677152634,0.00030517578125,2.4325146675109863,0.0583752878010273
0.5245,0.04740028828382492,0.0,2.568798780441284,0.057526737451553345
0.5249999999999999,0.047394562512636185,0.00030517578125,2.708286762237549,0.05666983127593994
0.5255000000000001,0.04738995060324669,0.00030517578125,2.850768566131592,0.056672193109989166
0.526,0.047386106103658676,0.0006103515625,2.995333433151245,0.05651779845356941
0.5265,0.04738347977399826,0.0006103515625,3.1423354148864746,0.05638345330953598
0.5269999999999999,0.04738111421465874,0.00030517578125,3.2900197505950928,0.05511915311217308
0.5275000000000001,0.04737982898950577,0.0006103515625,3.440147876739502,0.05495323985815048
0.528,0.04737842455506325,7.93701171875,3.591139078140259,0.05473318696022034
0.5285,0.04737771674990654,7.9522705078125,3.7426631450653076,0.05473905801773071
0.5289999999999999,0.0473778210580349,7.94830322265625,3.893493890762329,0.055267903953790665
0.5295000000000001,0.04737783595919609,7.9437255859375,4.043031215667725,0.053708646446466446
0.53,0.047379545867443085,7.9486083984375,4.190489292144775,0.05404957756400108
0.5305,0.047381673008203506,7.94342041015625,4.334616184234619,0.053508300334215164
0.5309999999999999,0.04738452658057213,7.945556640625,4.4768476486206055,0.05308040603995323
0.5315000000000001,0.047387879341840744,7.94769287109375,4.617096900939941,0.05314679443836212
0.532,0.04739083722233772,7.94525146484375,4.757359027862549,0.05241873860359192
0.5325,0.04739370942115784,7.94342041015625,4.8985466957092285,0.05205987021327019
0.5329999999999999,0.04739505425095558,0.00091552734375,5.042076110839844,0.05011681467294693
0.5335000000000001,0.04739562049508095,0.001220703125,5.187502384185791,0.04947466775774956
0.534,0.04739563912153244,0.0006103515625,5.333299160003662,0.04953937977552414
0.5345,0.0473950132727623,0.00030517578125,5.47900390625,0.04810204356908798
0.5349999999999999,0.04739474132657051,0.00030517578125,5.624255657196045,0.04805716127157211
0.5355000000000001,0.04739488661289215,0.0006103515625,5.768989562988281,0.046790219843387604
0.536,0.04739510267972946,0.0006103515625,5.91257905960083,0.046218156814575195
0.5365,0.047396544367074966,0.00030517578125,6.0532684326171875,0.04521907493472099
0.5369999999999999,0.04739832133054733,0.0006103515625,6.19276762008667,0.04491168633103371
0.5375000000000001,0.047400254756212234,0.00030517578125,6.3309149742126465,0.04528607428073883
0.538,0.04740235581994057,7.93670654296875,6.4656548500061035,0.044366419315338135
0.5385,0.04740489274263382,7.95257568359375,6.599084377288818,0.04336167499423027
0.5389999999999999,0.04740782082080841,7.9486083984375,6.728621482849121,0.044491492211818695
0.5395000000000001,0.047410931438207626,7.94342041015625,6.853395938873291,0.04385001212358475
0.54,0.04741491749882698,7.9486083984375,6.973680019378662,0.044847674667835236
0.5405,0.047419268637895584,7.9443359375,7.089239597320557,0.04541373625397682
0.5409999999999999,0.04742395877838135,7.9443359375,7.201056480407715,0.04567717760801315
0.5415000000000001,0.04742889851331711,7.945556640625,7.309628009796143,0.04580329731106758
0.542,0.04743322357535362,7.94677734375,7.41734504699707,0.04610181972384453
0.5425,0.047436632215976715,7.9437255859375,7.52470588684082,0.04621851071715355
0.5429999999999999,0.047438882291316986,0.00091552734375,7.63165807723999,0.047539349645376205
0.5435000000000001,0.04744004085659981,0.0006103515625,7.738924980163574,0.04793032258749008
0.544,0.04744105041027069,0.00030517578125,7.845356464385986,0.04733686149120331
0.5445,0.04744161665439606,0.0006103515625,7.948507308959961,0.047309789806604385
0.5449999999999999,0.04744245484471321,0.0,8.049864768981934,0.04713044688105583
0.5455000000000001,0.04744391888380051,0.0006103515625,8.150846481323242,0.048043739050626755
0.546,0.04744493588805199,-0.00030517578125,8.249964714050293,0.047639258205890656
0.5465,0.0474461130797863,0.0006103515625,8.347935676574707,0.04822581261396408
0.5469999999999999,0.04744758456945419,0.0006103515625,8.44381046295166,0.04723833128809929
0.5475000000000001,0.04744894802570343,0.0006103515625,8.538041114807129,0.04678414389491081
0.548,0.04745039716362953,7.935791015625,8.630061149597168,0.04643610864877701
0.5485,0.0474521666765213,7.94830322265625,8.72014331817627,0.04618275538086891
0.5489999999999999,0.04745383560657501,7.94891357421875,8.80720043182373,0.04574458673596382
0.5495000000000001,0.04745582491159439,7.9425048828125,8.892126083374023,0.04468242824077606
0.55,0.047458138316869736,7.9449462890625,8.974292755126953,0.044431548565626144
0.5505,0.047460757195949554,7.945556640625,9.054699897766113,0.04484329745173454
0.5509999999999999,0.04746270924806595,7.94677734375,9.132625579833984,0.04437670856714249
0.5515000000000001,0.04746483266353607,7.9461669921875,9.20879077911377,0.04486807808279991
0.552,0.047466911375522614,7.94342041015625,9.283808708190918,0.044533006846904755
0.5525,0.047468382865190506,7.94342041015625,9.359140396118164,0.04434436187148094
0.5529999999999999,0.04746892675757408,0.00091552734375,9.435277938842773,0.043578214943408966
0.5535000000000001,0.047468967735767365,0.0006103515625,9.510980606079102,0.04292794317007065
0.554,0.047468945384025574,0.0006103515625,9.586099624633789,0.04416986182332039
0.5545,0.04746885597705841,0.00030517578125,9.659623146057129,0.043847646564245224
0.5549999999999999,0.04746866226196289,0.0006103515625,9.732805252075195,0.04305773973464966
0.5555000000000001,0.04746918007731438,0.0006103515625,9.804692268371582,0.04376889020204544
0.556,0.047469377517700195,0.00030517578125,9.875815391540527,0.04300455376505852
0.5565,0.0474698431789875,0.0006103515625,9.946049690246582,0.04301781952381134
0.5569999999999999,0.04747028648853302,0.00030517578125,10.015324592590332,0.04288801550865173
0.5575000000000001,0.04747120290994644,0.0006103515625,10.082864761352539,0.04257894307374954
0.558,0.04747186601161957,7.9345703125,10.149398803710938,0.04225956276059151
0.5585,0.04747295379638672,7.94830322265625,10.21488094329834,0.04147754982113838
0.5589999999999999,0.04747379571199417,7.947998046875,10.278709411621094,0.04148498550057411
0.5595000000000001,0.047474753111600876,7.94158935546875,10.341226577758789,0.041700199246406555
0.56,0.04747564345598221,7.945556640625,10.402215957641602,0.04130365327000618
0.5605,0.0474768690764904,7.94403076171875,10.461570739746094,0.04091845825314522
0.5609999999999999,0.04747815430164337,7.94586181640625,10.519291877746582,0.04107052832841873
0.5615000000000001,0.04747915267944336,7.94677734375,10.57641887664795,0.04004688933491707
0.562,0.04748033732175827,7.94464111328125,10.633220672607422,0.040809206664562225
0.5625,0.04748105630278587,7.94281005859375,10.689702987670898,0.04031382128596306
0.563,0.04748094454407692,0.00091552734375,10.748193740844727,0.04148196801543236
0.5634999999999999,0.04748089239001274,0.0006103515625,10.80534553527832,0.04168548062443733
0.5640000000000001,0.04748038202524185,0.001220703125,10.86302661895752,0.04129977896809578
0.5645,0.04747997969388962,0.0,10.91917896270752,0.04081990197300911
0.565,0.04747985303401947,0.0006103515625,10.975364685058594,0.04070854187011719
0.5654999999999999,0.04747973009943962,0.0006103515625,11.03076457977295,0.04145650938153267
0.5660000000000001,0.04747975617647171,0.00030517578125,11.085911750793457,0.040925439447164536
0.5665,0.04748003929853439,-0.00030517578125,11.13989543914795,0.04040306434035301
0.567,0.04748021066188812,0.00030517578125,11.193279266357422,0.04048299789428711
0.5674999999999999,0.04748070612549782,-0.00030517578125,11.246546745300293,0.040749646723270416
0.5680000000000001,0.04748068377375603,7.9351806640625,11.29776382446289,0.040373750030994415
0.5685,0.047481607645750046,7.95196533203125,11.348653793334961,0.04088492691516876
0.569,0.047482263296842575,7.9486083984375,11.398048400878906,0.04068850725889206
0.5694999999999999,0.04748299717903137,7.9449462890625,11.446046829223633,0.0402255617082119
0.5700000000000001,0.04748404026031494,7.94677734375,11.492334365844727,0.04062161222100258
0.5705,0.04748525097966194,7.94647216796875,11.537408828735352,0.04013817384839058
0.571,0.04748649150133133,7.9437255859375,11.581551551818848,0.040810320526361465
0.5714999999999999,0.04748748615384102,7.94342041015625,11.62442398071289,0.04054776206612587
0.5720000000000001,0.04748860001564026,7.9425048828125,11.667271614074707,0.04020663723349571
0.5725,0.04748917743563652,7.9443359375,11.710400581359863,0.04045515134930611
0.573,0.047489233314991,0.00091552734375,11.753864288330078,0.039234697818756104
0.5734999999999999,0.04748890548944473,0.00091552734375,11.798731803894043,0.03930921107530594
0.5740000000000001,0.04748883843421936,0.0006103515625,11.84231185913086,0.040459275245666504
0.5745,0.047488272190093994,0.00091552734375,11.885140419006348,0.03994036838412285
0.575,0.04748792201280594,0.00030517578125,11.928614616394043,0.04004983976483345
0.5754999999999999,0.047487735748291016,0.0006103515625,11.971328735351562,0.0397055558860302
0.5760000000000001,0.04748748615384102,0.0,12.012847900390625,0.039376091212034225
0.5765,0.04748784750699997,0.0,12.054551124572754,0.04065278545022011
0.577,0.04748811572790146,0.0006103515625,12.0958833694458,0.040242817252874374
0.5774999999999999,0.0474882498383522,0.00030517578125,12.136174201965332,0.040010008960962296
0.5780000000000001,0.04748851805925369,7.93365478515625,12.175294876098633,0.039549410343170166
0.5785,0.04748913645744324,7.95074462890625,12.213811874389648,0.039378903806209564
0.579,0.04748976603150368,7.947998046875,12.251083374023438,0.039581455290317535
0.5794999999999999,0.04749047011137009,7.94403076171875,12.286720275878906,0.03979986906051636
0.5800000000000001,0.04749129340052605,7.94708251953125,12.321821212768555,0.03950714319944382
0.5805,0.047492723912000656,7.9461669921875,12.355323791503906,0.03999154642224312
0.581,0.047493670135736465,7.94342041015625,12.387347221374512,0.039108678698539734
0.5814999999999999,0.047494638711214066,7.94281005859375,12.418397903442383,0.03871386498212814
0.5820000000000001,0.047496020793914795,7.9425048828125,12.449433326721191,0.039597734808921814
0.5825,0.047496236860752106,7.9437255859375,12.481182098388672,0.03917888551950455
0.583,0.04749653860926628,0.00091552734375,12.51340103149414,0.040006645023822784
0.5834999999999999,0.047496262937784195,0.00030517578125,12.546090126037598,0.040067046880722046
0.5840000000000001,0.04749588295817375,0.0006103515625,12.578951835632324,0.039294175803661346
0.5845,0.04749518260359764,0.0006103515625,12.611461639404297,0.039997026324272156
0.585,0.04749476537108421,0.0006103515625,12.643352508544922,0.039134468883275986
0.5854999999999999,0.047494541853666306,0.00030517578125,12.675618171691895,0.040089432150125504
0.5860000000000001,0.04749429598450661,0.0006103515625,12.707209587097168,0.03971996530890465
0.5865,0.047494374215602875,0.00030517578125,12.737780570983887,0.039567623287439346
0.587,0.04749460145831108,0.0,12.768756866455078,0.039926592260599136
0.5874999999999999,0.04749481379985809,0.00030517578125,12.798145294189453,0.039634112268686295
0.5880000000000001,0.04749494791030884,7.93609619140625,12.827766418457031,0.03978484496474266
0.5885,0.047495707869529724,7.95135498046875,12.85549545288086,0.04023250192403793
0.589,0.0474962443113327,7.94952392578125,12.882661819458008,0.04001419246196747
0.5894999999999999,0.04749703407287598,7.94403076171875,12.908642768859863,0.03974475711584091
0.5900000000000001,0.047497980296611786,7.9437255859375,12.933009147644043,0.0398772768676281
0.5905,0.04749896749854088,7.94464111328125,12.956122398376465,0.03953414410352707
0.591,0.047500330954790115,7.94525146484375,12.978164672851562,0.039958637207746506
0.5914999999999999,0.047501090914011,7.94586181640625,12.998827934265137,0.04014598950743675
0.5920000000000001,0.04750247299671173,7.9437255859375,13.019392013549805,0.040477775037288666
0.5925,0.04750334843993187,7.9425048828125,13.040328025817871,0.04059001803398132
0.593,0.04750344902276993,0.00030517578125,13.062189102172852,0.03900791332125664
0.5934999999999999,0.04750306159257889,0.00091552734375,13.085426330566406,0.03993440046906471
0.5940000000000001,0.04750271514058113,0.00091552734375,13.107735633850098,0.040943313390016556
0.5945,0.04750184342265129,0.00030517578125,13.129847526550293,0.04018900543451309
0.595,0.047501709312200546,0.0006103515625,13.153038024902344,0.04046741500496864
0.5954999999999999,0.04750099033117294,0.00030517578125,13.175289154052734,0.0395146980881691
0.5960000000000001,0.047500669956207275,0.0006103515625,13.197352409362793,0.03998306393623352
0.5965,0.04750048369169235,0.00091552734375,13.219051361083984,0.04022308811545372
0.597,0.04750066623091698,0.0,13.240080833435059,0.04018465802073479
0.5974999999999999,0.0475008599460125,0.00091552734375,13.26080322265625,0.04005507007241249
0.5980000000000001,0.04750094935297966,7.9339599609375,13.280570030212402,0.04009679704904556
0.5985,0.04750142991542816,7.94830322265625,13.299461364746094,0.03956200182437897
0.599,0.04750216379761696,7.945556640625,13.31776237487793,0.03985653072595596
0.5994999999999999,0.04750276729464531,7.94097900390625,13.334085464477539,0.040085624903440475
0.6000000000000001,0.04750353842973709,7.9473876953125,13.350142478942871,0.03970807045698166
0.6005,0.04750478267669678,7.9443359375,13.364480018615723,0.040287990123033524
0.601,0.04750572890043259,7.94219970703125,13.377814292907715,0.039277855306863785
0.6014999999999999,0.04750698804855347,7.94189453125,13.390115737915039,0.03994716703891754
0.6020000000000001,0.047507964074611664,7.94281005859375,13.401556015014648,0.040007803589105606
0.6025,0.04750879853963852,7.9443359375,13.413832664489746,0.04000883176922798
0.603,0.04750918969511986,0.00091552734375,13.426911354064941,0.041332803666591644
0.6034999999999999,0.04750886932015419,0.00091552734375,13.440752983093262,0.0408371239900589
0.6040000000000001,0.04750823974609375,0.0006103515625,13.455894470214844,0.04030350595712662
0.6045,0.047507572919130325,0.00030517578125,13.47031307220459,0.04025011509656906
0.605,0.04750677943229675,0.0006103515625,13.485245704650879,0.040363915264606476
0.6054999999999999,0.04750632122159004,0.001220703125,13.50015926361084,0.04047127813100815
0.6060000000000001,0.04750564694404602,0.0006103515625,13.514670372009277,0.040403157472610474
0.6065,0.04750522971153259,0.00091552734375,13.528454780578613,0.040005527436733246
0.607,0.047505490481853485,0.0006103515625,13.54250431060791,0.0399533286690712
0.6074999999999999,0.047505542635917664,0.0006103515625,13.55569839477539,0.04039793089032173
0.6080000000000001,0.04750552773475647,7.9364013671875,13.568593978881836,0.04130523279309273
0.6085,0.04750627279281616,7.94891357421875,13.58089828491211,0.04148896783590317
0.609,0.04750611633062363,7.94891357421875,13.592217445373535,0.04106363654136658
0.6094999999999999,0.04750709980726242,7.94158935546875,13.601865768432617,0.04070773720741272
0.6100000000000001,0.047507818788290024,7.94342041015625,13.611405372619629,0.04119705781340599
0.6105,0.047508664429187775,7.9425048828125,13.619156837463379,0.04124622046947479
0.611,0.04750967025756836,7.9443359375,13.626143455505371,0.04150616377592087
0.6114999999999999,0.04751064255833626,7.9449462890625,13.632046699523926,0.04101471230387688
0.6120000000000001,0.04751184582710266,7.94525146484375,13.637596130371094,0.04143163934350014
0.6125,0.04751225560903549,7.94464111328125,13.644216537475586,0.0413949117064476
0.613,0.04751252382993698,0.00030517578125,13.650697708129883,0.04008219763636589
0.6134999999999999,0.04751238971948624,0.0006103515625,13.659490585327148,0.04057064279913902
0.6140000000000001,0.047511711716651917,0.0,13.668012619018555,0.04095524922013283
0.6145,0.04751069098711014,0.00091552734375,13.677680969238281,0.04149186983704567
0.615,0.047510091215372086,0.0006103515625,13.687277793884277,0.041326526552438736
0.6154999999999999,0.04750913009047508,0.0006103515625,13.69710922241211,0.04016818478703499
0.6160000000000001,0.047508250921964645,0.0006103515625,13.706857681274414,0.041087616235017776
0.6165,0.04750799760222435,0.0006103515625,13.716394424438477,0.04161154106259346
0.617,0.04750758409500122,0.0,13.725970268249512,0.04148520529270172
0.6174999999999999,0.04750780388712883,0.0,13.73482894897461,0.04130156710743904
0.6180000000000001,0.047507550567388535,7.93426513671875,13.743349075317383,0.0404718853533268
0.6185,0.04750807583332062,7.9510498046875,13.75190258026123,0.04089576378464699
0.619,0.04750840365886688,7.94830322265625,13.758769035339355,0.04103889316320419
0.6194999999999999,0.0475086010992527,7.9437255859375,13.765917778015137,0.04128701984882355
0.6200000000000001,0.047509510070085526,7.943115234375,13.770979881286621,0.04113214462995529
0.6205,0.04751016944646835,7.9449462890625,13.775541305541992,0.0406753234565258
0.621,0.04751090332865715,7.94525146484375,13.77860164642334,0.04025699570775032
0.6214999999999999,0.0475124791264534,7.94525146484375,13.781599998474121,0.04046722128987312
0.6220000000000001,0.0475129596889019,7.9443359375,13.78390121459961,0.040414921939373016
0.6225,0.04751351848244667,7.94219970703125,13.786651611328125,0.0406145416200161
0.623,0.04751366376876831,0.00091552734375,13.79079818725586,0.04095524549484253
0.6234999999999999,0.04751360043883324,0.00091552734375,13.795952796936035,0.04139833152294159
0.6240000000000001,0.04751316457986832,0.00030517578125,13.801499366760254,0.040902458131313324
0.6245,0.04751201719045639,0.00091552734375,13.807870864868164,0.040286142379045486
0.625,0.047511059790849686,0.0,13.81538200378418,0.0411856472492218
0.6255,0.047510478645563126,0.0006103515625,13.822497367858887,0.041322432458400726
0.6259999999999999,0.04750944301486015,0.0,13.829665184020996,0.04099220037460327
0.6265000000000001,0.04750879481434822,0.0006103515625,13.836760520935059,0.040757205337285995
0.627,0.047508709132671356,0.00030517578125,13.843563079833984,0.04101680591702461
0.6275,0.04750833660364151,0.0006103515625,13.850005149841309,0.041094448417425156
0.6279999999999999,0.047508738934993744,7.93243408203125,13.856480598449707,0.04089491069316864
0.6285000000000001,0.04750915244221687,7.9498291015625,13.861525535583496,0.04090612381696701
0.629,0.04750934988260269,7.94708251953125,13.867064476013184,0.0406549870967865
0.6295,0.047509871423244476,7.9437255859375,13.871223449707031,0.040846679359674454
0.6299999999999999,0.047510288655757904,7.94525146484375,13.874212265014648,0.040274687111377716
0.6305000000000001,0.0475110225379467,7.9461669921875,13.876588821411133,0.040629368275403976
0.631,0.04751206561923027,7.94403076171875,13.87741756439209,0.040939465165138245
0.6315,0.047513000667095184,7.9443359375,13.87808609008789,0.041021861135959625
0.6319999999999999,0.047513965517282486,7.94189453125,13.878264427185059,0.04082045331597328
0.6325000000000001,0.04751460254192352,7.940673828125,13.878517150878906,0.040912408381700516
0.633,0.04751474782824516,0.0006103515625,13.88084888458252,0.040256258100271225
0.6335,0.04751452058553696,0.001220703125,13.883617401123047,0.041442252695560455
0.6339999999999999,0.047513850033283234,0.0006103515625,13.887261390686035,0.04094497486948967
0.6345000000000001,0.047513168305158615,0.0,13.891095161437988,0.0408099927008152
0.635,0.047512348741292953,0.0006103515625,13.895893096923828,0.040946558117866516
0.6355,0.04751148074865341,0.00030517578125,13.901407241821289,0.040074050426483154
0.6359999999999999,0.04751076176762581,0.00030517578125,13.906370162963867,0.04075297713279724
0.6365000000000001,0.04751020669937134,0.00030517578125,13.911256790161133,0.041115161031484604
0.637,0.04751003906130791,0.0006103515625,13.91621208190918,0.0406656414270401
0.6375,0.04750997573137283,0.00030517578125,13.92025375366211,0.04087001830339432
0.6379999999999999,0.047509875148534775,7.93212890625,13.9247465133667,0.04024159163236618
0.6385000000000001,0.047510094940662384,7.9486083984375,13.927997589111328,0.04091450199484825
0.639,0.047510430216789246,7.94525146484375,13.93061351776123,0.04089215770363808
0.6395,0.04751085862517357,7.94281005859375,13.932758331298828,0.040887411683797836
0.6399999999999999,0.04751156270503998,7.9461669921875,13.93419075012207,0.040700048208236694
0.6405000000000001,0.04751228541135788,7.945556640625,13.934086799621582,0.04017343372106552
0.641,0.04751310124993324,7.94281005859375,13.933259963989258,0.0403619185090065
0.6415,0.04751423001289368,7.9425048828125,13.932013511657715,0.04106193780899048
0.6419999999999999,0.0475149042904377,7.94097900390625,13.930331230163574,0.04083113744854927
0.6425000000000001,0.04751558229327202,7.9412841796875,13.928979873657227,0.040530815720558167
0.643,0.04751591011881828,0.00091552734375,13.929004669189453,0.04162232577800751
0.6435,0.047515492886304855,0.00091552734375,13.929794311523438,0.04126913100481033
0.6439999999999999,0.047514908015728,0.00030517578125,13.931455612182617,0.04118811711668968
0.6445000000000001,0.047514092177152634,0.00030517578125,13.934041976928711,0.041555508971214294
0.645,0.0475132018327713,0.0,13.937313079833984,0.04135053604841232
0.6455,0.04751243814826012,0.00030517578125,13.9404878616333,0.040738750249147415
0.6459999999999999,0.04751162603497505,0.0006103515625,13.943907737731934,0.04067309945821762
0.6465000000000001,0.04751116409897804,0.0006103515625,13.947205543518066,0.04082683473825455
0.647,0.0475107878446579,0.0006103515625,13.950068473815918,0.04099772870540619
0.6475,0.04751019552350044,0.00030517578125,13.953105926513672,0.04069749265909195
0.6479999999999999,0.04751056805253029,7.9327392578125,13.956023216247559,0.04176141321659088
0.6485000000000001,0.04751075804233551,7.9473876953125,13.958097457885742,0.04092096909880638
0.649,0.04751097410917282,7.9449462890625,13.959881782531738,0.04121396690607071
0.6495,0.04751147702336311,7.94097900390625,13.960774421691895,0.04087558016180992
0.6499999999999999,0.047512054443359375,7.94677734375,13.960906028747559,0.04151814803481102
0.6505000000000001,0.04751281067728996,7.94403076171875,13.960204124450684,0.04155898839235306
0.651,0.04751313105225563,7.94158935546875,13.958189964294434,0.0413135290145874
0.6515,0.047514352947473526,7.9412841796875,13.955771446228027,0.041280146688222885
0.6519999999999999,0.047515127807855606,7.94097900390625,13.953740119934082,0.04137104004621506
0.6525000000000001,0.04751558229327202,7.9425048828125,13.951537132263184,0.04162965714931488
0.653,0.047515787184238434,0.00091552734375,13.951030731201172,0.04099678993225098
0.6535,0.047515880316495895,0.00091552734375,13.951499938964844,0.04119683802127838
0.6539999999999999,0.04751500114798546,0.0006103515625,13.952359199523926,0.04113594442605972
0.6545000000000001,0.04751405492424965,0.00030517578125,13.954436302185059,0.041503891348838806
0.655,0.047513481229543686,0.0006103515625,13.95671558380127,0.041157066822052
0.6555,0.04751228913664818,0.00091552734375,13.959994316101074,0.04133108630776405
0.6559999999999999,0.04751165583729744,0.0006103515625,13.963016510009766,0.04190165549516678
0.6565000000000001,0.047510597854852676,0.00030517578125,13.966026306152344,0.041344814002513885
0.657,0.04751071706414223,0.00091552734375,13.96939754486084,0.041484683752059937
0.6575,0.047510433942079544,0.0006103515625,13.972188949584961,0.041185278445482254
0.6579999999999999,0.04751027747988701,7.933349609375,13.97468376159668,0.040989190340042114
0.6585000000000001,0.04751060903072357,7.94708251953125,13.976526260375977,0.04166754335165024
0.659,0.04751061648130417,7.9449462890625,13.977706909179688,0.041239820420742035
0.6595,0.04751107096672058,7.9400634765625,13.97876262664795,0.041274234652519226
0.6599999999999999,0.04751185327768326,7.9461669921875,13.979155540466309,0.04119750112295151
0.6605000000000001,0.047512371093034744,7.94342041015625,13.978303909301758,0.040867879986763
0.661,0.04751301184296608,7.94097900390625,13.976585388183594,0.04122528061270714
0.6615,0.04751410707831383,7.940673828125,13.974906921386719,0.04160996526479721
0.6619999999999999,0.04751473292708397,7.94189453125,13.972575187683105,0.040953148156404495
0.6625000000000001,0.04751534387469292,7.94342041015625,13.970582962036133,0.040840521454811096
0.663,0.04751528799533844,0.00091552734375,13.97039794921875,0.041641950607299805
0.6635,0.04751507565379143,0.001220703125,13.970979690551758,0.04260987043380737
0.6639999999999999,0.047514498233795166,0.0,13.972602844238281,0.042014628648757935
0.6645000000000001,0.04751359298825264,0.00030517578125,13.974506378173828,0.04131948947906494
0.665,0.04751276597380638,0.0006103515625,13.977289199829102,0.04170161485671997
0.6655,0.047511957585811615,0.00091552734375,13.980113983154297,0.04137371852993965
0.6659999999999999,0.047510918229818344,0.0006103515625,13.983592987060547,0.040972594171762466
0.6665000000000001,0.047510456293821335,0.0006103515625,13.986799240112305,0.04162733629345894
0.667,0.047510094940662384,0.00030517578125,13.989927291870117,0.04191208258271217
0.6675,0.047509774565696716,0.0,13.992600440979004,0.04124069586396217
0.6679999999999999,0.0475100614130497,7.93487548828125,13.995441436767578,0.041612621396780014
0.6685000000000001,0.047510065138339996,7.94677734375,13.997591972351074,0.04146168753504753
0.669,0.047510385513305664,7.945556640625,13.999019622802734,0.04146440699696541
0.6695,0.047510985285043716,7.939453125,14.000303268432617,0.041996512562036514
0.6699999999999999,0.04751145467162132,7.9449462890625,14.00063419342041,0.04147173464298248
0.6705000000000001,0.04751201346516609,7.94158935546875,13.999524116516113,0.04182412475347519
0.671,0.04751292243599892,7.940673828125,13.99765396118164,0.04122644290328026
0.6715,0.04751362279057503,7.94097900390625,13.995955467224121,0.04178394749760628
0.6719999999999999,0.047514498233795166,7.9425048828125,13.993436813354492,0.04203156381845474
0.6725000000000001,0.04751526191830635,7.94403076171875,13.99151611328125,0.042374324053525925
0.673,0.0475153923034668,0.00030517578125,13.991209030151367,0.04158652201294899
0.6735,0.047515254467725754,0.0006103515625,13.991150856018066,0.04075857624411583
0.6739999999999999,0.04751427471637726,0.00030517578125,13.991950988769531,0.040888767689466476
0.6745000000000001,0.04751382768154144,0.00030517578125,13.993834495544434,0.04172911122441292
0.675,0.047513291239738464,0.0006103515625,13.996000289916992,0.04194314405322075
0.6755,0.04751186817884445,0.0006103515625,13.998958587646484,0.04152383655309677
0.6759999999999999,0.04751163348555565,0.0006103515625,14.001472473144531,0.041945282369852066
0.6765000000000001,0.04751083627343178,0.00091552734375,14.004168510437012,0.04146472364664078
0.677,0.0475105419754982,0.00091552734375,14.006628036499023,0.04097789525985718
0.6775,0.04751048982143402,0.00030517578125,14.008464813232422,0.04107438400387764
0.6779999999999999,0.04751042649149895,7.9351806640625,14.01106071472168,0.04184740036725998
0.6785000000000001,0.047510769218206406,7.94677734375,14.012203216552734,0.041574057191610336
0.679,0.047510892152786255,7.94677734375,14.013152122497559,0.04137257859110832
0.6795,0.04751128703355789,7.93975830078125,14.01333999633789,0.041132278740406036
0.6799999999999999,0.04751214385032654,7.9443359375,14.013280868530273,0.04200984165072441
0.6805000000000001,0.04751261696219444,7.9412841796875,14.01154613494873,0.04118700698018074
0.681,0.04751342907547951,7.94097900390625,14.009355545043945,0.04133706912398338
0.6815,0.047514595091342926,7.9425048828125,14.006608009338379,0.04179270565509796
0.6819999999999999,0.0475151464343071,7.94281005859375,14.003694534301758,0.041322387754917145
0.6825000000000001,0.04751580208539963,7.9443359375,14.001111030578613,0.040901705622673035
0.683,0.04751584306359291,0.00091552734375,13.999422073364258,0.04177825152873993
0.6835,0.0475158616900444,0.00030517578125,13.999139785766602,0.042660098522901535
0.6839999999999999,0.0475151464343071,0.00030517578125,13.999561309814453,0.04215326905250549
0.6845000000000001,0.047514334321022034,0.0006103515625,14.000321388244629,0.04197866842150688
0.685,0.047513674944639206,0.00030517578125,14.001504898071289,0.0417376309633255
0.6855,0.04751279577612877,0.00030517578125,14.003974914550781,0.04173657298088074
0.6859999999999999,0.04751209914684296,0.001220703125,14.006053924560547,0.04164174944162369
0.6865000000000001,0.04751176759600639,0.00030517578125,14.00802230834961,0.042529162019491196
0.687,0.047511134296655655,0.0006103515625,14.009936332702637,0.04164814203977585
0.6875,0.047511026263237,0.00030517578125,14.0112943649292,0.04206889867782593
0.688,0.047511182725429535,7.93548583984375,14.013012886047363,0.04205119237303734
0.6884999999999999,0.04751108959317207,7.947998046875,14.01369857788086,0.041308529675006866
0.6890000000000001,0.04751121252775192,7.94769287109375,14.013921737670898,0.04222988709807396
0.6895,0.047511786222457886,7.9400634765625,14.01443099975586,0.04281507059931755
0.69,0.04751235246658325,7.943115234375,14.013765335083008,0.04167800769209862
0.6904999999999999,0.04751306399703026,7.94158935546875,14.01209545135498,0.041719526052474976
0.6910000000000001,0.04751351848244667,7.94189453125,14.009391784667969,0.04164329543709755
0.6915,0.047514330595731735,7.94342041015625,14.006567001342773,0.041639070957899094
0.692,0.047514911741018295,7.9443359375,14.003400802612305,0.04256737232208252
0.6924999999999999,0.047515496611595154,7.9437255859375,14.000611305236816,0.042634688317775726
0.6930000000000001,0.047515932470560074,0.0006103515625,13.999260902404785,0.04193424433469772
0.6935,0.04751572012901306,0.0006103515625,13.99845027923584,0.04108588770031929
0.694,0.047515012323856354,0.00030517578125,13.998629570007324,0.041761916130781174
0.6944999999999999,0.04751456528902054,0.00030517578125,13.999374389648438,0.042266301810741425
0.6950000000000001,0.04751340299844742,0.0006103515625,14.001041412353516,0.04237870126962662
0.6955,0.04751250147819519,0.0006103515625,14.003193855285645,0.042368922382593155
0.696,0.04751194268465042,0.0,14.005170822143555,0.041954703629016876
0.6964999999999999,0.047511350363492966,0.00030517578125,14.007735252380371,0.04140331968665123
0.6970000000000001,0.047510888427495956,0.00030517578125,14.00938892364502,0.04174666479229927
0.6975,0.04751087352633476,0.00030517578125,14.010984420776367,0.04165779799222946
0.698,0.047510914504528046,7.93487548828125,14.012786865234375,0.0419510118663311
0.6984999999999999,0.047511179000139236,7.9486083984375,14.013561248779297,0.041958026587963104
0.6990000000000001,0.04751129448413849,7.947998046875,14.014373779296875,0.041760269552469254
0.6995,0.04751146212220192,7.9412841796875,14.014514923095703,0.041416626423597336
0.7,0.04751250892877579,7.94219970703125,14.013896942138672,0.04180710017681122
0.7004999999999999,0.047512542456388474,7.9412841796875,14.012083053588867,0.041692934930324554
0.7010000000000001,0.04751328006386757,7.943115234375,14.010441780090332,0.04246272146701813
0.7015,0.04751427471637726,7.94403076171875,14.008028984069824,0.041932765394449234
0.702,0.047514546662569046,7.94403076171875,14.004966735839844,0.04163726791739464
0.7024999999999999,0.04751528427004814,7.94342041015625,14.002346992492676,0.040856849402189255
0.7030000000000001,0.04751558601856232,0.001220703125,14.001193046569824,0.042340707033872604
0.7035,0.04751526191830635,0.0006103515625,14.000738143920898,0.042604006826877594
0.704,0.04751491919159889,0.00030517578125,14.001015663146973,0.04211769625544548
0.7044999999999999,0.047514207661151886,0.0006103515625,14.00244140625,0.04154105857014656
0.7050000000000001,0.047513172030448914,0.00030517578125,14.003631591796875,0.041777171194553375
0.7055,0.04751253128051758,0.00030517578125,14.006160736083984,0.041382890194654465
0.706,0.04751179367303848,0.0,14.008772850036621,0.041739318519830704
0.7064999999999999,0.04751130938529968,0.0,14.010605812072754,0.042915936559438705
0.7070000000000001,0.047510817646980286,0.00030517578125,14.01323127746582,0.04216212406754494
0.7075,0.04751085117459297,0.0,14.015117645263672,0.0417160838842392
0.708,0.047510985285043716,7.93426513671875,14.016759872436523,0.04228183627128601
0.7084999999999999,0.04751075804233551,7.9498291015625,14.017901420593262,0.0418100468814373
0.7090000000000001,0.04751056432723999,7.94769287109375,14.012486457824707,0.04236413165926933
0.7095,0.04750585928559303,7.94189453125,13.987289428710938,0.042649123817682266
0.71,0.04749244451522827,7.9425048828125,13.924554824829102,0.04218655824661255
0.7104999999999999,0.04746897146105766,7.9425048828125,13.810873985290527,0.042355433106422424
0.7110000000000001,0.04743539169430733,7.9437255859375,13.64220142364502,0.04204297810792923
0.7115,0.04739350453019142,7.9449462890625,13.421010971069336,0.04334808886051178
0.712,0.04734453186392784,7.94342041015625,13.152417182922363,0.04503612965345383
0.7124999999999999,0.04728732630610466,7.94158935546875,12.841506004333496,0.04616451635956764
0.7130000000000001,0.047224462032318115,0.0006103515625,12.488192558288574,0.047201916575431824
0.7135,0.047159597277641296,0.001220703125,12.098283767700195,0.04910409078001976
0.714,0.04709772765636444,0.0006103515625,11.691203117370605,0.050904132425785065
0.7144999999999999,0.047040559351444244,0.0006103515625,11.291322708129883,0.05387940630316734
0.7150000000000001,0.04698437452316284,0.00030517578125,10.908297538757324,0.055043067783117294
0.7155,0.046928733587265015,0.0006103515625,10.543630599975586,0.056171562522649765
0.716,0.04687192291021347,0.0006103515625,10.19594669342041,0.056654296815395355
0.7164999999999999,0.046815305948257446,0.00030517578125,9.865152359008789,0.056614331901073456
0.7170000000000001,0.04675963148474693,0.0006103515625,9.550882339477539,0.056421685963869095
0.7175,0.046704940497875214,0.00030517578125,9.25580883026123,0.05578402802348137
0.718,0.04665099084377289,7.93487548828125,8.980631828308105,0.05588388442993164
0.7184999999999999,0.04659820720553398,7.94921875,8.722477912902832,0.055562082678079605
0.7190000000000001,0.04654625430703163,7.94677734375,8.482190132141113,0.05450449511408806
0.7195,0.0464957021176815,7.94281005859375,8.25793743133545,0.055133916437625885
0.72,0.04644639790058136,7.9449462890625,8.049995422363281,0.0546085499227047
0.7204999999999999,0.04639797657728195,7.94342041015625,7.858553886413574,0.05521295592188835
0.7210000000000001,0.04635094851255417,7.9400634765625,7.682575225830078,0.05514959990978241
0.7215,0.04630511254072189,7.9412841796875,7.519950866699219,0.05463889241218567
0.722,0.04626068100333214,7.9437255859375,7.369012832641602,0.05449318885803223
0.7224999999999999,0.04621751233935356,7.943115234375,7.230522155761719,0.053094927221536636
0.7230000000000001,0.04617558792233467,0.0006103515625,7.105339527130127,0.054094359278678894
0.7235,0.04613460227847099,0.00030517578125,6.993607997894287,0.054196640849113464
0.724,0.046093519777059555,0.00091552734375,6.894214630126953,0.05219942703843117
0.7244999999999999,0.04605381563305855,0.0006103515625,6.805656433105469,0.051941387355327606
0.7250000000000001,0.04601484164595604,0.0006103515625,6.724775791168213,0.05042004585266113
0.7255,0.04597676545381546,0.0006103515625,6.652439594268799,0.05057921260595322
0.726,0.045940499752759933,0.00030517578125,6.58737850189209,0.05060676485300064
0.7264999999999999,0.045905448496341705,0.00030517578125,6.529406547546387,0.05010354146361351
0.7270000000000001,0.04587125405669212,0.0006103515625,6.477086067199707,0.05045020580291748
0.7275,0.04583828151226044,0.0006103515625,6.431349754333496,0.04995112866163254
0.728,0.04580562561750412,7.9315185546875,6.390423774719238,0.04964616149663925
0.7284999999999999,0.04577445238828659,7.9461669921875,6.352859973907471,0.04974876344203949
0.7290000000000001,0.04574396461248398,7.9449462890625,6.319955825805664,0.049805156886577606
0.7295,0.04571419954299927,7.93914794921875,6.290266036987305,0.04975057393312454
0.73,0.04568468779325485,7.94219970703125,6.263271808624268,0.04931355267763138
0.7304999999999999,0.04565592482686043,7.94219970703125,6.2390241622924805,0.049267105758190155
0.7310000000000001,0.04562785103917122,7.9443359375,6.21626091003418,0.05042169988155365
0.7315,0.04560022056102753,7.9437255859375,6.195924282073975,0.05033907666802406
0.732,0.04557277634739876,7.940673828125,6.177150726318359,0.051541026681661606
0.7324999999999999,0.045545488595962524,7.9412841796875,6.160603046417236,0.05171201750636101
0.7330000000000001,0.04551836475729942,0.001220703125,6.1468071937561035,0.05079546198248863
0.7335,0.045491065829992294,0.0,6.13519287109375,0.05153043568134308
0.734,0.045463573187589645,0.0,6.12589693069458,0.051808420568704605
0.7344999999999999,0.0454363152384758,0.00030517578125,6.117940902709961,0.05309383571147919
0.7350000000000001,0.04540899768471718,0.0,6.110901355743408,0.05280565470457077
0.7355,0.04538187384605408,0.00030517578125,6.104309558868408,0.05254741385579109
0.736,0.045355625450611115,0.00030517578125,6.098496437072754,0.05278493091464043
0.7364999999999999,0.04532923549413681,0.0006103515625,6.092898845672607,0.053053468465805054
0.7370000000000001,0.045303091406822205,0.0006103515625,6.087687969207764,0.05318671092391014
0.7375,0.04527740925550461,0.0006103515625,6.082551002502441,0.053651195019483566
0.738,0.04525149613618851,7.9351806640625,6.075765132904053,0.05368765816092491
0.7384999999999999,0.04522673040628433,7.94769287109375,6.068758964538574,0.05373208224773407
0.7390000000000001,0.04520157352089882,7.94769287109375,6.060412406921387,0.052931103855371475
0.7395,0.04517678543925285,7.94281005859375,6.050968170166016,0.05358675867319107
0.74,0.04515238478779793,7.943115234375,6.040006637573242,0.05376606062054634
0.7404999999999999,0.045127734541893005,7.9443359375,6.0282697677612305,0.05366813391447067
0.7410000000000001,0.0451035313308239,7.94097900390625,6.0153093338012695,0.05354195460677147
0.7415,0.04507920891046524,7.94097900390625,5.999393939971924,0.052766721695661545
0.742,0.04505469650030136,7.94219970703125,5.984182834625244,0.05218162760138512
0.7424999999999999,0.04503035545349121,7.9437255859375,5.968369007110596,0.0526118129491806
0.7430000000000001,0.04500514268875122,0.001220703125,5.954380989074707,0.05317637696862221
0.7435,0.04497979208827019,0.0006103515625,5.940554141998291,0.05390008166432381
0.744,0.04495362937450409,0.00030517578125,5.926849365234375,0.052366144955158234
0.7444999999999999,0.044927485287189484,0.00091552734375,5.912681579589844,0.05310584977269173
0.7450000000000001,0.04490162059664726,0.00091552734375,5.897551536560059,0.052591562271118164
0.7455,0.044875431805849075,0.00030517578125,5.881762981414795,0.05199826881289482
0.746,0.04484961926937103,0.0,5.867084503173828,0.053298551589250565
0.7464999999999999,0.04482346028089523,0.00030517578125,5.851885795593262,0.052280865609645844
0.7470000000000001,0.04479781538248062,0.00030517578125,5.835151195526123,0.05221616476774216
0.7475,0.04477222263813019,0.00030517578125,5.81870174407959,0.05252818763256073
0.748,0.04474654048681259,7.93487548828125,5.800525188446045,0.05264214053750038
0.7484999999999999,0.04472087696194649,7.9486083984375,5.782169818878174,0.05257636681199074
0.7490000000000001,0.04469529539346695,7.9473876953125,5.762798309326172,0.05277011916041374
0.7495,0.04466971755027771,7.94219970703125,5.742499828338623,0.05241234600543976
0.75,0.04464453458786011,7.94219970703125,5.720761775970459,0.052863188087940216
0.7505,0.04461918771266937,7.9437255859375,5.697657108306885,0.0518631786108017
0.7509999999999999,0.04459419846534729,7.94281005859375,5.6738386154174805,0.052439458668231964
0.7515000000000001,0.044569116085767746,7.94158935546875,5.648573398590088,0.053175535053014755
0.752,0.044543612748384476,7.9400634765625,5.623563289642334,0.05334135517477989
0.7525,0.04451820254325867,7.9412841796875,5.600372791290283,0.05373471602797508
0.7529999999999999,0.04449164867401123,0.00152587890625,5.578599452972412,0.05260831117630005
0.7535000000000001,0.0444648452103138,0.00030517578125,5.556981086730957,0.05259459838271141
0.754,0.04443781077861786,0.0,5.53614616394043,0.053858328610658646
0.7545,0.04441008344292641,0.00091552734375,5.516011714935303,0.0537942610681057
0.7549999999999999,0.04438284784555435,0.00030517578125,5.495613098144531,0.05494263023138046
0.7555000000000001,0.04435567557811737,0.0006103515625,5.475642681121826,0.05396219342947006
0.756,0.04432869330048561,0.00030517578125,5.456089496612549,0.054748643189668655
0.7565,0.04430162161588669,0.0006103515625,5.436213493347168,0.05441012233495712
0.7569999999999999,0.04427467659115791,0.0,5.416353702545166,0.0547950305044651
0.7575000000000001,0.04424843192100525,0.00030517578125,5.397159576416016,0.05617643520236015
0.758,0.044221483170986176,7.9315185546875,5.376716136932373,0.055169738829135895
0.7585,0.044195082038640976,7.94708251953125,5.356686592102051,0.05468610301613808
0.7589999999999999,0.044168658554553986,7.94403076171875,5.335727214813232,0.05451710522174835
0.7595000000000001,0.04414265975356102,7.94036865234375,5.313755989074707,0.05486806482076645
0.76,0.04411676153540611,7.945556640625,5.291130542755127,0.05518292635679245
0.7605,0.0440908782184124,7.9425048828125,5.268136501312256,0.05529022216796875
0.7609999999999999,0.044065408408641815,7.9400634765625,5.2434983253479,0.05617118999361992
0.7615000000000001,0.04403962939977646,7.940673828125,5.217902183532715,0.05561959743499756
0.762,0.04401402920484543,7.94219970703125,5.193134784698486,0.05559862032532692
0.7625,0.043988101184368134,7.94342041015625,5.169302463531494,0.05590549856424332
0.7629999999999999,0.0439612977206707,0.0006103515625,5.146846771240234,0.05691663548350334
0.7635000000000001,0.04393422231078148,0.00091552734375,5.125704288482666,0.05667690187692642
0.764,0.0439070388674736,0.00091552734375,5.105591773986816,0.05630498006939888
0.7645,0.04387907683849335,0.0006103515625,5.085770130157471,0.056105244904756546
0.7649999999999999,0.04385180026292801,0.0,5.065650939941406,0.056430038064718246
0.7655000000000001,0.043824080377817154,0.00030517578125,5.045923709869385,0.0561414398252964
0.766,0.0437973290681839,0.0006103515625,5.0265655517578125,0.056605949997901917
0.7665,0.043770384043455124,0.0006103515625,5.006470203399658,0.05682547762989998
0.7669999999999999,0.04374317452311516,0.0006103515625,4.987267017364502,0.056572817265987396
0.7675000000000001,0.04371678829193115,0.0006103515625,4.967007160186768,0.05712691694498062
0.768,0.043690115213394165,7.93212890625,4.94622278213501,0.05583874136209488
0.7685,0.04366400092840195,7.94891357421875,4.925381660461426,0.057307977229356766
0.7689999999999999,0.043638069182634354,7.94708251953125,4.903126239776611,0.05674673989415169
0.7695000000000001,0.043612074106931686,7.9425048828125,4.879977226257324,0.05660678818821907
0.77,0.0435861237347126,7.9437255859375,4.856148719787598,0.05651172995567322
0.7705,0.04356065392494202,7.94464111328125,4.830202102661133,0.056031279265880585
0.7709999999999999,0.04353507235646248,7.9425048828125,4.803914546966553,0.056868888437747955
0.7715000000000001,0.04350980371236801,7.94189453125,4.77634334564209,0.056514959782361984
0.772,0.0434841588139534,7.94036865234375,4.748255252838135,0.0567767396569252
0.7725,0.043458592146635056,7.9400634765625,4.722540855407715,0.0575808510184288
0.7729999999999999,0.04343198239803314,0.00091552734375,4.696946144104004,0.05549954995512962
0.7735000000000001,0.0434051975607872,0.0006103515625,4.673644542694092,0.056088272482156754
0.774,0.04337790235877037,0.001220703125,4.649593830108643,0.05637572333216667
0.7745,0.043350283056497574,0.00030517578125,4.626587390899658,0.05689678341150284
0.7749999999999999,0.043322667479515076,0.0006103515625,4.60341739654541,0.05673784762620926
0.7755000000000001,0.04329539090394974,0.00030517578125,4.58072566986084,0.055638592690229416
0.776,0.043268609791994095,0.0006103515625,4.557819843292236,0.056664250791072845
0.7765,0.04324159771203995,0.0,4.534756660461426,0.05647585541009903
0.7769999999999999,0.043214745819568634,0.001220703125,4.511360168457031,0.05622114613652229
0.7775000000000001,0.043188583105802536,0.0006103515625,4.487322807312012,0.056768063455820084
0.778,0.04316204786300659,7.93060302734375,4.463207721710205,0.055559467524290085
0.7785,0.04313577339053154,7.94830322265625,4.437740802764893,0.05623568966984749
0.7789999999999999,0.04310968518257141,7.945556640625,4.412464141845703,0.05641639605164528
0.7795000000000001,0.043083641678094864,7.94219970703125,4.386049270629883,0.05578618496656418
0.78,0.043057821691036224,7.9437255859375,4.357884407043457,0.05691467970609665
0.7805,0.043032191693782806,7.9437255859375,4.329132080078125,0.056734852492809296
0.7809999999999999,0.04300680011510849,7.9437255859375,4.299494743347168,0.056284498423337936
0.7815000000000001,0.04298127815127373,7.9437255859375,4.268374443054199,0.0557015985250473
0.782,0.04295555502176285,7.94281005859375,4.237684726715088,0.05587484687566757
0.7825,0.04292992129921913,7.94158935546875,4.20877742767334,0.056466758251190186
0.7829999999999999,0.042903024703264236,0.00091552734375,4.180735111236572,0.057149842381477356
0.7835000000000001,0.04287586733698845,0.0006103515625,4.153995513916016,0.05734871327877045
0.784,0.042848363518714905,0.00030517578125,4.128903865814209,0.057269394397735596
0.7845,0.04282018169760704,0.0006103515625,4.1037445068359375,0.056822843849658966
0.7849999999999999,0.04279251769185066,0.00030517578125,4.078476905822754,0.056685466319322586
0.7855000000000001,0.04276485741138458,0.0006103515625,4.0537590980529785,0.057001810520887375
0.786,0.0427376925945282,0.00030517578125,4.029604434967041,0.05816302075982094
0.7865,0.042710162699222565,0.0006103515625,4.005005836486816,0.05776871368288994
0.7869999999999999,0.04268331825733185,0.0,3.9808967113494873,0.05685796961188316
0.7875000000000001,0.04265671968460083,0.0006103515625,3.9561917781829834,0.05735546350479126
0.788,0.04262978211045265,7.93243408203125,3.9306867122650146,0.05685446411371231
0.7885,0.04260339215397835,7.94586181640625,3.9060699939727783,0.05762631818652153
0.7889999999999999,0.042577262967824936,7.9443359375,3.8802199363708496,0.057826120406389236
0.7895000000000001,0.04255089908838272,7.9412841796875,3.8533504009246826,0.057369351387023926
0.79,0.042524877935647964,7.9443359375,3.8257687091827393,0.057687971740961075
0.7905,0.04249941557645798,7.9443359375,3.797224760055542,0.056569308042526245
0.7909999999999999,0.04247346147894859,7.9437255859375,3.7680296897888184,0.05777757987380028
0.7915000000000001,0.042447976768016815,7.94403076171875,3.7371556758880615,0.0581698976457119
0.792,0.04242194816470146,7.94281005859375,3.7070200443267822,0.05771597847342491
0.7925,0.04239626228809357,7.94219970703125,3.6788291931152344,0.058145713061094284
0.7929999999999999,0.04236936569213867,0.001220703125,3.651503086090088,0.05685954540967941
0.7935000000000001,0.042341891676187515,0.00030517578125,3.6261465549468994,0.0574323944747448
0.794,0.042314425110816956,0.0006103515625,3.601412773132324,0.05820593610405922
0.7945,0.04228641092777252,0.00030517578125,3.577131748199463,0.058050841093063354
0.7949999999999999,0.04225856438279152,0.0006103515625,3.553419351577759,0.0583307147026062
0.7955000000000001,0.04223095625638962,0.00030517578125,3.5292551517486572,0.058281272649765015
0.796,0.042203739285469055,0.0,3.5059666633605957,0.058676134794950485
0.7965,0.04217672720551491,0.00030517578125,3.482138156890869,0.058035075664520264
0.7969999999999999,0.042149655520915985,0.00030517578125,3.4585750102996826,0.05858895182609558
0.7975000000000001,0.04212304577231407,0.0006103515625,3.434732675552368,0.059165116399526596
0.798,0.04209648817777634,7.9339599609375,3.4096193313598633,0.05820219963788986
0.7985,0.04206997528672218,7.94769287109375,3.384774923324585,0.05828051641583443
0.7989999999999999,0.0420442596077919,7.9461669921875,3.3588130474090576,0.05847445875406265
0.7995000000000001,0.04201796278357506,7.93914794921875,3.331821918487549,0.0585339218378067
0.8,0.04199212044477463,7.9443359375,3.3037495613098145,0.05866425111889839
0.8005,0.041966456919908524,7.9425048828125,3.2749087810516357,0.05897589400410652
0.8009999999999999,0.0419408455491066,7.94158935546875,3.2444515228271484,0.0586392916738987
0.8015000000000001,0.041915103793144226,7.94189453125,3.213489055633545,0.05858151987195015
0.802,0.041889604181051254,7.94158935546875,3.182666778564453,0.05861571058630943
0.8025,0.04186420142650604,7.94097900390625,3.1526570320129395,0.05900752171874046
0.8029999999999999,0.04183724522590637,0.00091552734375,3.1243550777435303,0.060101788491010666
0.8035000000000001,0.041810180991888046,0.0,3.097592830657959,0.06028623506426811
0.804,0.041782937943935394,0.0006103515625,3.0719618797302246,0.05928727239370346
0.8045,0.04175490513443947,0.00030517578125,3.0461225509643555,0.059043560177087784
0.8049999999999999,0.04172760620713234,0.00030517578125,3.020343065261841,0.05952450633049011
0.8055000000000001,0.041699837893247604,0.00030517578125,2.9947633743286133,0.059411607682704926
0.806,0.04167288541793823,0.00030517578125,2.9695417881011963,0.06026032939553261
0.8065,0.041646018624305725,0.00030517578125,2.943014144897461,0.059955060482025146
0.8069999999999999,0.04161936044692993,0.00030517578125,2.9170708656311035,0.06018366664648056
0.8075000000000001,0.041592929512262344,0.0,2.8903563022613525,0.06021479144692421
0.808,0.04156642407178879,7.9315185546875,2.8626935482025146,0.06066502258181572
0.8085,0.041540294885635376,7.94769287109375,2.8346781730651855,0.06126216799020767
0.8089999999999999,0.04151436313986778,7.94586181640625,2.806337594985962,0.06097937375307083
0.8095000000000001,0.04148844629526138,7.94189453125,2.776407480239868,0.060883842408657074
0.81,0.041462723165750504,7.94219970703125,2.745556354522705,0.06040196120738983
0.8105,0.04143698513507843,7.9400634765625,2.7137303352355957,0.060634199529886246
0.8109999999999999,0.04141145199537277,7.93975830078125,2.680605411529541,0.060685500502586365
0.8115000000000001,0.04138609394431114,7.94097900390625,2.6463663578033447,0.06170811131596565
0.812,0.04136043041944504,7.9412841796875,2.6127922534942627,0.06089501827955246
0.8125,0.04133442044258118,7.94189453125,2.579770088195801,0.062346357852220535
0.813,0.04130798578262329,0.00030517578125,2.549712657928467,0.06083692982792854
0.8134999999999999,0.04128227382898331,0.00030517578125,2.524024486541748,0.06133377552032471
0.8140000000000001,0.04125817492604256,0.00091552734375,2.503760814666748,0.06217673048377037
0.8145,0.04123639315366745,0.0006103515625,2.491309642791748,0.0621672198176384
0.815,0.04121797904372215,0.0,2.4868314266204834,0.06173201650381088
0.8154999999999999,0.04120224341750145,0.00030517578125,2.4909684658050537,0.06155509874224663
0.8160000000000001,0.04118849337100983,0.0006103515625,2.503248929977417,0.06165070831775665
0.8165,0.041176702827215195,0.0006103515625,2.522289752960205,0.06109548732638359
0.817,0.04116674140095711,0.0006103515625,2.5481433868408203,0.061362411826848984
0.8174999999999999,0.04115810990333557,0.00030517578125,2.5785529613494873,0.06148384138941765
0.8180000000000001,0.04115079343318939,0.00030517578125,2.6123077869415283,0.06030164286494255
0.8185,0.04114522784948349,0.00091552734375,2.6496264934539795,0.060197342187166214
0.819,0.041140951216220856,0.00091552734375,2.6886887550354004,0.05946405604481697
0.8194999999999999,0.04113749414682388,0.0006103515625,2.728278875350952,0.05977543815970421
0.8200000000000001,0.04113582894206047,0.0006103515625,2.7681074142456055,0.05945629999041557
0.8205,0.04113525524735451,0.0,2.807504892349243,0.05893104150891304
0.821,0.04113525152206421,0.0006103515625,2.8453357219696045,0.05893326550722122
0.8214999999999999,0.04113660752773285,0.00030517578125,2.880154848098755,0.05826632305979729
0.8220000000000001,0.041138555854558945,0.0006103515625,2.9124221801757812,0.05880342051386833
0.8225,0.041141949594020844,0.00091552734375,2.94034743309021,0.05866427719593048
0.823,0.04114547371864319,0.00091552734375,2.9632139205932617,0.058862123638391495
0.8234999999999999,0.04115037992596626,0.0,2.9819228649139404,0.058720119297504425
0.8240000000000001,0.04115578532218933,0.00030517578125,2.994635581970215,0.058871686458587646
0.8245,0.04116158187389374,0.0,3.0016915798187256,0.058313291519880295
0.825,0.041168082505464554,0.00030517578125,3.0022785663604736,0.05834352225065231
0.8254999999999999,0.04117436707019806,0.0006103515625,2.9962878227233887,0.058887917548418045
0.8260000000000001,0.04118138924241066,0.0,2.9840378761291504,0.0591074638068676
0.8265,0.041188646107912064,0.0006103515625,2.9648525714874268,0.05857088416814804
0.827,0.04119597375392914,0.00030517578125,2.9394845962524414,0.05967356637120247
0.8274999999999999,0.04120311141014099,0.00030517578125,2.9072177410125732,0.05961741879582405
0.8280000000000001,0.04121030494570732,0.00030517578125,2.870072841644287,0.060293249785900116
0.8285,0.04121687635779381,0.00030517578125,2.826633930206299,0.06091456487774849
0.829,0.04122304916381836,0.00091552734375,2.7790489196777344,0.061161305755376816
0.8294999999999999,0.04122920334339142,0.0006103515625,2.726433038711548,0.06169239431619644
0.8300000000000001,0.04123447835445404,0.00091552734375,2.670241594314575,0.06127974018454552
0.8305,0.04123914614319801,0.0,2.611079216003418,0.06118617206811905
0.831,0.04124310985207558,0.00030517578125,2.548227548599243,0.06212330982089043
0.8314999999999999,0.04124635085463524,0.0006103515625,2.485039710998535,0.06291214376688004
0.8320000000000001,0.04124898836016655,0.0006103515625,2.420714855194092,0.06302753835916519
0.8325,0.04125067591667175,0.0006103515625,2.3549864292144775,0.0625942051410675
0.833,0.041251618415117264,0.00030517578125,2.2889626026153564,0.06169375777244568
0.8334999999999999,0.0412522554397583,0.00030517578125,2.222736120223999,0.06279155611991882
0.8340000000000001,0.04125241935253143,0.0,2.156473398208618,0.06359846144914627
0.8345,0.041252199560403824,0.0006103515625,2.0901200771331787,0.06341487169265747
0.835,0.04125154763460159,0.0006103515625,2.023848295211792,0.06443279981613159
0.8354999999999999,0.04125048220157623,0.0006103515625,1.9587700366973877,0.06331298500299454
0.8360000000000001,0.041249360889196396,0.00030517578125,1.894763708114624,0.06336665898561478
0.8365,0.04124779999256134,0.00030517578125,1.8307768106460571,0.06355970352888107
0.837,0.041246384382247925,0.0006103515625,1.7691850662231445,0.06492596864700317
0.8374999999999999,0.04124448448419571,0.0,1.7075588703155518,0.06467162817716599
0.8380000000000001,0.041242245584726334,0.00091552734375,1.6480796337127686,0.06386416405439377
0.8385,0.04124061390757561,0.0006103515625,1.5896692276000977,0.06444396823644638
0.839,0.04123847559094429,0.00091552734375,1.5327143669128418,0.06376124173402786
0.8394999999999999,0.041236378252506256,0.00030517578125,1.477230429649353,0.06392395496368408
0.8400000000000001,0.04123428463935852,0.00030517578125,1.4227689504623413,0.06474339216947556
0.8405,0.04123232886195183,0.0006103515625,1.3698911666870117,0.06472108513116837
0.841,0.041230395436286926,0.0,1.3187003135681152,0.065482959151268
0.8414999999999999,0.04122808948159218,0.0006103515625,1.2688519954681396,0.06442184001207352
0.8420000000000001,0.04122655838727951,0.0006103515625,1.2203730344772339,0.06569080054759979
0.8425,0.04122468829154968,0.00030517578125,1.1742618083953857,0.0654241293668747
0.843,0.041222479194402695,0.0,1.1284130811691284,0.06553442776203156
0.8434999999999999,0.04122123494744301,-0.00030517578125,1.0848596096038818,0.0660087838768959
0.8440000000000001,0.041219133883714676,0.00030517578125,1.0423521995544434,0.06525564193725586
0.8445,0.04121745377779007,0.001220703125,1.0010100603103638,0.06561772525310516
0.845,0.041215743869543076,0.00091552734375,0.9609779715538025,0.06538311392068863
0.8454999999999999,0.0412139967083931,0.0006103515625,0.9230316877365112,0.06621766090393066
0.8460000000000001,0.041212841868400574,0.0006103515625,0.8858653903007507,0.06596753746271133
0.8465,0.041210759431123734,0.0,0.8506905436515808,0.06560797244310379
0.847,0.041209541261196136,0.0,0.8168642520904541,0.06624007225036621
0.8474999999999999,0.0412079356610775,0.0006103515625,0.7834703326225281,0.066330686211586
0.8480000000000001,0.041206151247024536,0.0006103515625,0.7518528699874878,0.06649761646986008
0.8485,0.041205327957868576,0.0006103515625,0.721520721912384,0.06797618418931961
0.849,0.04120399430394173,0.0006103515625,0.6925213932991028,0.06710027903318405
0.8494999999999999,0.041202522814273834,0.00030517578125,0.6650571823120117,0.06730848550796509
0.8500000000000001,0.04120137169957161,0.0,0.6381875276565552,0.06660088151693344
0.8505,0.04120014235377312,0.00091552734375,0.6132093667984009,0.0670858770608902
0.851,0.04119918867945671,0.0006103515625,0.5883830189704895,0.06698493659496307
0.8514999999999999,0.04119802266359329,0.00091552734375,0.5649786591529846,0.067562036216259
0.8520000000000001,0.04119684919714928,0.00030517578125,0.5427817702293396,0.06806383281946182
0.8525,0.04119599238038063,0.00030517578125,0.5208359360694885,0.06790988892316818
0.853,0.041194766759872437,0.00030517578125,0.5007136464118958,0.0668773353099823
0.8534999999999999,0.041194405406713486,0.0006103515625,0.48118117451667786,0.06798786669969559
0.8540000000000001,0.04119344800710678,0.0006103515625,0.4618474841117859,0.06790041923522949
0.8545,0.04119259491562843,0.001220703125,0.44398975372314453,0.06757473945617676
0.855,0.04119240865111351,0.0006103515625,0.42637431621551514,0.06751507520675659
0.8554999999999999,0.041191380470991135,0.00030517578125,0.4099711775779724,0.06772138178348541
0.8560000000000001,0.041191115975379944,0.00030517578125,0.3938794434070587,0.0675818994641304
0.8565,0.04119029641151428,0.00030517578125,0.3786814510822296,0.06763611733913422
0.857,0.041190095245838165,0.00030517578125,0.3642265498638153,0.068447045981884
0.8574999999999999,0.04118970409035683,0.0006103515625,0.3498530685901642,0.06692324578762054
0.8580000000000001,0.041188787668943405,0.0006103515625,0.33656439185142517,0.0670623630285263
0.8585,0.041189029812812805,0.0006103515625,0.32345354557037354,0.06853603571653366
0.859,0.04118843376636505,-0.00030517578125,0.3111743628978729,0.06739424169063568
0.8594999999999999,0.04118789732456207,0.0006103515625,0.29966282844543457,0.06772339344024658
0.8600000000000001,0.0411878265440464,0.00091552734375,0.2884129583835602,0.06806665658950806
0.8605,0.041186898946762085,0.0006103515625,0.27765989303588867,0.06684311479330063
0.861,0.04118698090314865,0.00030517578125,0.26696205139160156,0.06663092225790024
0.8614999999999999,0.04118657484650612,0.00030517578125,0.2569555342197418,0.06631508469581604
0.8620000000000001,0.041186701506376266,0.0,0.24767737090587616,0.06705143302679062
0.8625,0.04118654876947403,0.0006103515625,0.23778553307056427,0.06715715676546097
0.863,0.04118572175502777,0.0006103515625,0.2296382635831833,0.06662777066230774
0.8634999999999999,0.04118596017360687,0.0,0.2214270532131195,0.06713630259037018
0.8640000000000001,0.04118567332625389,0.00030517578125,0.21353299915790558,0.06657931208610535
0.8645,0.041185714304447174,0.00030517578125,0.20575353503227234,0.06682752072811127
0.865,0.04118526726961136,0.00030517578125,0.19803081452846527,0.0659543052315712
0.8654999999999999,0.0411854013800621,0.0,0.19159765541553497,0.06603679805994034
0.8660000000000001,0.041185010224580765,0.00091552734375,0.18388748168945312,0.06608312577009201
0.8665,0.04118462651968002,0.0006103515625,0.17800970375537872,0.0649619773030281
0.867,0.04118480160832405,0.00091552734375,0.17176266014575958,0.06647595018148422
0.8674999999999999,0.041184503585100174,0.0,0.16557453572750092,0.0651160329580307
0.8680000000000001,0.041184574365615845,0.0006103515625,0.15988361835479736,0.06580471992492676
0.8685,0.0411846898496151,0.00091552734375,0.15418782830238342,0.06613163650035858
0.869,0.041184671223163605,0.0006103515625,0.14962820708751678,0.06565538793802261
0.8694999999999999,0.041184622794389725,0.00030517578125,0.1443697065114975,0.06611667573451996
0.8700000000000001,0.041184213012456894,0.00030517578125,0.1399385929107666,0.06450390070676804
0.8705,0.041184164583683014,0.0006103515625,0.13523444533348083,0.06505057215690613
0.871,0.041184183210134506,0.0006103515625,0.13063441216945648,0.06519628316164017
0.8714999999999999,0.04118388146162033,0.00030517578125,0.12629981338977814,0.06524685770273209
0.8720000000000001,0.04118414968252182,0.0006103515625,0.12277846038341522,0.06560998409986496
0.8725,0.041183952242136,0.00091552734375,0.11896608769893646,0.06536892801523209
0.873,0.04118406027555466,0.0006103515625,0.115302674472332,0.06459685415029526
0.8734999999999999,0.041184332221746445,0.0,0.11198252439498901,0.06504993140697479
0.8740000000000001,0.04118407145142555,0.00091552734375,0.10823310166597366,0.06592781841754913
0.8745,0.041184067726135254,0.0006103515625,0.10550319403409958,0.06578707695007324
0.875,0.041183751076459885,0.00030517578125,0.10231971740722656,0.06514987349510193
0.8755,0.041183941066265106,0.00030517578125,0.09956732392311096,0.0655359998345375
0.8759999999999999,0.04118353873491287,0.00030517578125,0.09617501497268677,0.06485003232955933
0.8765000000000001,0.04118385910987854,0.00030517578125,0.09388239681720734,0.06521183252334595
0.877,0.041184019297361374,0.0,0.09127777069807053,0.06578704714775085
0.8775,0.04118356853723526,0.0006103515625,0.0885944589972496,0.06585530191659927
0.8779999999999999,0.04118388891220093,0.00091552734375,0.0861748531460762,0.0652310773730278
0.8785000000000001,0.041183751076459885,0.0006103515625,0.08383457362651825,0.06435041129589081
0.879,0.041183799505233765,0.0006103515625,0.08196960389614105,0.06512927263975143
0.8795,0.041183605790138245,0.0,0.07965430617332458,0.06448613107204437
0.8799999999999999,0.04118375480175018,0.00030517578125,0.07782232016324997,0.06483079493045807
0.8805000000000001,0.04118393361568451,0.00030517578125,0.07565567642450333,0.06524106860160828
0.881,0.04118375852704048,0.0006103515625,0.07365469634532928,0.0652192234992981
0.8815,0.04118342325091362,0.0006103515625,0.07212121784687042,0.06423451751470566
0.8819999999999999,0.04118410125374794,0.0,0.07039762288331985,0.06503995507955551
0.8825000000000001,0.041183799505233765,0.00030517578125,0.06877967715263367,0.06595782190561295
0.883,0.04118410125374794,0.0,0.06690781563520432,0.06550602614879608
0.8835,0.04118400439620018,0.0006103515625,0.06538498401641846,0.06527294963598251
0.8839999999999999,0.04118404537439346,0.00030517578125,0.06341765075922012,0.06492817401885986
0.8845000000000001,0.04118388891220093,0.00030517578125,0.06215938553214073,0.06495469808578491
0.885,0.04118393734097481,0.0006103515625,0.06094597652554512,0.06524991244077682
0.8855,0.041184376925230026,0.0006103515625,0.05976419523358345,0.0652993693947792
0.8859999999999999,0.04118381068110466,0.0006103515625,0.05828847363591194,0.06506051868200302
0.8865000000000001,0.041184309870004654,0.0006103515625,0.056755054742097855,0.06548317521810532
0.887,0.0411839596927166,0.0006103515625,0.0555708110332489,0.06504824012517929
0.8875,0.04118408262729645,0.00030517578125,0.05414348840713501,0.06504247337579727
0.8879999999999999,0.041184090077877045,0.00030517578125,0.053459085524082184,0.0658993199467659
0.8885000000000001,0.041184037923812866,0.0006103515625,0.051987797021865845,0.06528165191411972
0.889,0.04118446633219719,0.00091552734375,0.050817590206861496,0.06578965485095978
0.8895,0.04118375480175018,0.0,0.049847159534692764,0.06607525795698166
0.8899999999999999,0.04118407890200615,0.00030517578125,0.048772528767585754,0.06517332792282104
0.8905000000000001,0.04118407517671585,0.00030517578125,0.04781367629766464,0.06541530787944794
0.891,0.041184160858392715,0.00030517578125,0.04653805121779442,0.06519719958305359
0.8915,0.041184429079294205,0.00030517578125,0.04521968960762024,0.06603596359491348
0.8919999999999999,0.04118429124355316,0.0006103515625,0.045076072216033936,0.06504018604755402
0.8925000000000001,0.04118422791361809,0.00030517578125,0.0442843958735466,0.06603112071752548
0.893,0.041183970868587494,0.0006103515625,0.04302292317152023,0.06366309523582458
0.8935,0.04118422791361809,0.0,0.04260648414492607,0.06485156714916229
0.8939999999999999,0.041184406727552414,0.0,0.04165928065776825,0.06515850871801376
0.8945000000000001,0.04118414223194122,0.0006103515625,0.040624603629112244,0.06543407589197159
0.895,0.041184328496456146,0.00030517578125,0.040149908512830734,0.06611056625843048
0.8955,0.04118433967232704,0.0006103515625,0.03910660371184349,0.06456296890974045
0.8959999999999999,0.04118410497903824,0.0006103515625,0.03818168118596077,0.06522200256586075
0.8965000000000001,0.04118437319993973,0.00030517578125,0.0377839170396328,0.06506089121103287
0.897,0.041184306144714355,-0.00030517578125,0.03675264120101929,0.06366659700870514
0.8975,0.04118434712290764,0.00091552734375,0.0363474003970623,0.06563076376914978
0.8979999999999999,0.041184451431035995,0.0006103515625,0.03542006388306618,0.06471890956163406
0.8985000000000001,0.04118434712290764,0.00091552734375,0.035108037292957306,0.06517627835273743
0.899,0.041184499859809875,0.0,0.034406017512083054,0.06532524526119232
0.8995,0.04118441417813301,0.0006103515625,0.0338343121111393,0.06539630144834518
0.8999999999999999,0.041184693574905396,0.00030517578125,0.03380093351006508,0.06523021310567856
0.9005000000000001,0.04118464142084122,0.00091552734375,0.032701220363378525,0.06529231369495392
0.901,0.04118448868393898,0.0006103515625,0.03207695484161377,0.0652666985988617
0.9015,0.04118441790342331,0.00030517578125,0.031915951520204544,0.06449125707149506
0.9019999999999999,0.04118426889181137,0.0,0.03082021325826645,0.06540699303150177
0.9025000000000001,0.04118450731039047,0.00091552734375,0.030918803066015244,0.06534651666879654
0.903,0.04118425399065018,0.00030517578125,0.03044108860194683,0.0654590055346489
0.9035,0.041184380650520325,0.00030517578125,0.03016229160130024,0.06568785756826401
0.9039999999999999,0.04118462651968002,0.00030517578125,0.028824562206864357,0.06476441770792007
0.9045000000000001,0.04118415713310242,0.00030517578125,0.02857624739408493,0.06499239057302475
0.905,0.04118431732058525,0.0006103515625,0.028894959017634392,0.0657363012433052
0.9055,0.041184552013874054,0.0006103515625,0.027831532061100006,0.06523970514535904
0.9059999999999999,0.04118461534380913,0.0,0.02769467979669571,0.06472112983465195
0.9065000000000001,0.04118472337722778,0.0006103515625,0.026994941756129265,0.06444140523672104
0.907,0.04118446633219719,0.00030517578125,0.026667261496186256,0.06517316401004791
0.9075,0.04118464142084122,0.00030517578125,0.026254165917634964,0.06520648300647736
0.9079999999999999,0.04118460789322853,0.0,0.02595609985291958,0.06507883220911026
0.9085000000000001,0.041184548288583755,0.0006103515625,0.02566392533481121,0.06482504308223724
0.909,0.04118439927697182,0.0006103515625,0.0252836886793375,0.06475941836833954
0.9095,0.04118453711271286,0.00030517578125,0.024666981771588326,0.06495602428913116
0.9099999999999999,0.04118480905890465,0.00091552734375,0.024198785424232483,0.06535453349351883
0.9105000000000001,0.041184477508068085,0.0,0.024004530161619186,0.06530710309743881
0.911,0.04118457809090614,0.0,0.023901432752609253,0.06512431800365448
0.9115,0.04118422791361809,0.0006103515625,0.02395601011812687,0.06418066471815109
0.9119999999999999,0.04118463397026062,0.00030517578125,0.023371245712041855,0.06489488482475281
0.9125000000000001,0.0411844439804554,0.00030517578125,0.022669143974781036,0.06528159976005554
0.913,0.041184477508068085,0.00091552734375,0.022621389478445053,0.06482349336147308
0.9135,0.041184429079294205,0.00030517578125,0.021832216531038284,0.06486884504556656
0.9139999999999999,0.041184209287166595,0.00030517578125,0.021807914599776268,0.06463275104761124
0.9145000000000001,0.041184719651937485,0.00030517578125,0.021336542442440987,0.06484977155923843
0.915,0.041184648871421814,0.0,0.02128693275153637,0.06486573070287704
0.9155,0.041184619069099426,0.0006103515625,0.020885486155748367,0.06445567309856415
0.9159999999999999,0.04118462651968002,0.0006103515625,0.020481323823332787,0.06516562402248383
0.9165000000000001,0.04118441790342331,0.00030517578125,0.020404167473316193,0.06511777639389038
0.917,0.04118466377258301,0.0,0.01984509266912937,0.06497590988874435
0.9175,0.04118421673774719,0.0006103515625,0.019290538504719734,0.06351600587368011
0.9179999999999999,0.04118470102548599,0.0006103515625,0.019613584503531456,0.06446683406829834
0.9185000000000001,0.041184715926647186,0.00030517578125,0.01857307180762291,0.06410413235425949
0.919,0.0411844328045845,0.0006103515625,0.01872330531477928,0.06487299501895905
0.9195,0.04118476063013077,0.0,0.018741857260465622,0.0646805688738823
0.9199999999999999,0.041184648871421814,0.00091552734375,0.018191197887063026,0.06377273052930832
0.9205000000000001,0.04118449240922928,0.00030517578125,0.017860470339655876,0.06459566205739975
0.921,0.0411844328045845,0.0006103515625,0.017058247700333595,0.0635303482413292
0.9215,0.041184451431035995,0.00030517578125,0.017278112471103668,0.0645318403840065
0.9219999999999999,0.041184425354003906,0.00091552734375,0.017522471025586128,0.06470008194446564
0.9225000000000001,0.04118438437581062,0.0006103515625,0.016556905582547188,0.06312529742717743
0.923,0.04118499532341957,0.00030517578125,0.0165281780064106,0.06484979391098022
0.9235,0.04118473455309868,0.0006103515625,0.016567038372159004,0.06366082280874252
0.9239999999999999,0.041184838861227036,0.00030517578125,0.01583903841674328,0.06500239670276642
0.9245000000000001,0.04118446633219719,0.00030517578125,0.01560596190392971,0.06422331184148788
0.925,0.04118462651968002,0.0006103515625,0.01581067033112049,0.06411731988191605
0.9255,0.04118446260690689,0.00091552734375,0.015583806671202183,0.06419963389635086
0.9259999999999999,0.041184596717357635,0.0,0.014924073591828346,0.06440318375825882
0.9265000000000001,0.04118455946445465,0.00091552734375,0.015218754298985004,0.06419389694929123
0.927,0.04118450731039047,0.0006103515625,0.014939753338694572,0.06379931420087814
0.9275,0.041184403002262115,0.001220703125,0.014233525842428207,0.06496001780033112
0.9279999999999999,0.04118460789322853,0.00091552734375,0.014439893886446953,0.06487397104501724
0.9285000000000001,0.041184451431035995,0.0,0.01436043344438076,0.06440456211566925
0.929,0.0411844365298748,0.0,0.01419096440076828,0.06408371031284332
0.9295,0.04118448123335838,0.0,0.014111984521150589,0.06335514038801193
0.9299999999999999,0.04118436574935913,0.001220703125,0.013822469860315323,0.06426701694726944
0.9305000000000001,0.04118456318974495,0.00030517578125,0.01371222548186779,0.06414518505334854
0.931,0.04118438437581062,0.00030517578125,0.013214146718382835,0.06403828412294388
0.9315,0.04118403047323227,-0.00030517578125,0.013029908761382103,0.06415778398513794
0.9319999999999999,0.041184522211551666,0.00030517578125,0.013058512471616268,0.063956119120121
0.9325000000000001,0.04118422418832779,0.00030517578125,0.0129538057371974,0.06408623605966568
0.933,0.04118487238883972,0.00030517578125,0.013105697929859161,0.06420087814331055
0.9335,0.041184358298778534,0.0006103515625,0.012698547914624214,0.0639096274971962
0.9339999999999999,0.04118448495864868,0.0006103515625,0.012600524351000786,0.06413057446479797
0.9345000000000001,0.04118431732058525,0.0,0.012015079148113728,0.06416818499565125
0.935,0.04118476063013077,0.0006103515625,0.012173810042440891,0.06455370783805847
0.9355,0.04118465259671211,0.0,0.011886383406817913,0.06465958803892136
0.9359999999999999,0.04118446260690689,0.00030517578125,0.012062402442097664,0.06450626999139786
0.9365000000000001,0.04118470847606659,0.0006103515625,0.01209326833486557,0.06477668881416321
0.937,0.04118409380316734,0.0,0.011726725846529007,0.06372857838869095
0.9375,0.041184425354003906,0.00030517578125,0.011716882698237896,0.06451111286878586
0.938,0.041184451431035995,0.0006103515625,0.011844396591186523,0.06366149336099625
0.9384999999999999,0.041184429079294205,0.0006103515625,0.011724084615707397,0.06377801299095154
0.9390000000000001,0.041184715926647186,0.0,0.011470833793282509,0.06508516520261765
0.9395,0.041184425354003906,0.0006103515625,0.011104957200586796,0.06418920308351517
0.94,0.04118455573916435,0.00030517578125,0.01140221394598484,0.06395291537046432
0.9404999999999999,0.04118457809090614,0.0006103515625,0.011255307123064995,0.06346657127141953
0.9410000000000001,0.04118429869413376,0.0006103515625,0.010893801227211952,0.06378278136253357
0.9415,0.04118464142084122,0.0006103515625,0.01162824034690857,0.0648089200258255
0.942,0.041184306144714355,0.00030517578125,0.010791003704071045,0.06387782841920853
0.9424999999999999,0.04118459299206734,0.0,0.011254818178713322,0.06444858014583588
0.9430000000000001,0.041184380650520325,0.0,0.011069764383137226,0.06361520290374756
0.9435,0.04118448123335838,0.00030517578125,0.010982457548379898,0.06441935896873474
0.944,0.041184451431035995,0.00091552734375,0.01067433413118124,0.06438835710287094
0.9444999999999999,0.04118433594703674,0.00030517578125,0.010499645955860615,0.06395161896944046
0.9450000000000001,0.04118453711271286,0.0006103515625,0.010509571060538292,0.06504431366920471
0.9455,0.041184283792972565,0.0006103515625,0.010237839072942734,0.06398339569568634
0.946,0.041184455156326294,0.0006103515625,0.010571152903139591,0.06404277682304382
0.9464999999999999,0.041184522211551666,0.00030517578125,0.00987224094569683,0.06343372911214828
0.9470000000000001,0.04118455946445465,0.00030517578125,0.01041486021131277,0.0640246793627739
0.9475,0.041184667497873306,0.0006103515625,0.010216760449111462,0.06484856456518173
0.948,0.04118449240922928,0.001220703125,0.010107789188623428,0.06374994665384293
0.9484999999999999,0.0411846898496151,0.00091552734375,0.010322535410523415,0.06431937217712402
0.9490000000000001,0.041184201836586,0.0006103515625,0.010051253251731396,0.06347498297691345
0.9495,0.04118454456329346,0.0006103515625,0.010298259556293488,0.06394793838262558
0.95,0.0411846823990345,0.00030517578125,0.00985313393175602,0.06401678174734116
0.9504999999999999,0.041184213012456894,0.0006103515625,0.009604045189917088,0.06490837782621384
0.9510000000000001,0.04118453338742256,0.00030517578125,0.009735644795000553,0.06510389596223831
0.9515,0.04118463397026062,0.00030517578125,0.00940694659948349,0.06379967927932739
0.952,0.041184473782777786,0.0006103515625,0.009628530591726303,0.06434902548789978
0.9524999999999999,0.041184503585100174,0.0006103515625,0.009552888572216034,0.06417015194892883
0.9530000000000001,0.04118433967232704,0.00030517578125,0.009506751783192158,0.06402456760406494
0.9535,0.041184503585100174,0.0006103515625,0.009334699250757694,0.06387774646282196
0.954,0.04118460789322853,0.0006103515625,0.00907517597079277,0.06399526447057724
0.9544999999999999,0.04118454083800316,0.00030517578125,0.009274915792047977,0.0638962909579277
0.9550000000000001,0.04118452966213226,0.0006103515625,0.00914177019149065,0.06298685818910599
0.9555,0.04118425026535988,0.00030517578125,0.009249551221728325,0.0636858195066452
0.956,0.04118480160832405,0.0006103515625,0.008742324076592922,0.06442029029130936
0.9564999999999999,0.041184648871421814,0.00152587890625,0.009092617779970169,0.0643840804696083
0.9570000000000001,0.041184380650520325,0.0006103515625,0.008773165754973888,0.0648614913225174
0.9575,0.04118449240922928,0.00030517578125,0.00838973093777895,0.06350646167993546
0.958,0.041184525936841965,0.0006103515625,0.00873362086713314,0.06321272253990173
0.9584999999999999,0.04118473455309868,-0.00030517578125,0.008487393148243427,0.06390117108821869
0.9590000000000001,0.0411841906607151,0.0006103515625,0.008262508548796177,0.06424851715564728
0.9595,0.04118458554148674,0.00030517578125,0.00848449394106865,0.06464191526174545
0.96,0.04118434339761734,0.0,0.008202662691473961,0.06364081799983978
0.9604999999999999,0.041184354573488235,0.00030517578125,0.00806510541588068,0.06339973211288452
0.9610000000000001,0.04118448495864868,0.0006103515625,0.008209929801523685,0.06338098645210266
0.9615,0.041184715926647186,0.0006103515625,0.00808198843151331,0.06347543746232986
0.962,0.04118438810110092,0.00030517578125,0.007869472727179527,0.06504379212856293
0.9624999999999999,0.04118451848626137,0.00091552734375,0.007723554503172636,0.06471081078052521
0.9630000000000001,0.04118470102548599,0.0006103515625,0.007867994718253613,0.06481373310089111
0.9635,0.04118446633219719,0.0,0.00771470507606864,0.06349655985832214
0.964,0.041184499859809875,0.0006103515625,0.007288426160812378,0.06304183602333069
0.9644999999999999,0.041184697300195694,0.0006103515625,0.007418746128678322,0.06401920318603516
0.9650000000000001,0.041184332221746445,0.00030517578125,0.007567010819911957,0.0637233555316925
0.9655,0.04118456691503525,0.0,0.007260697428137064,0.06485280394554138
0.966,0.04118427261710167,0.0006103515625,0.007584812585264444,0.0631764829158783
0.9664999999999999,0.041184376925230026,0.0006103515625,0.007094834931194782,0.06319312751293182
0.9670000000000001,0.041184570640325546,0.00030517578125,0.007233068812638521,0.06350498646497726
0.9675,0.04118430241942406,0.00030517578125,0.00700329290702939,0.06364095211029053
0.968,0.04118466004729271,0.00091552734375,0.007053009700030088,0.06484270095825195
0.9684999999999999,0.04118453711271286,0.0,0.006820825859904289,0.06365951895713806
0.9690000000000001,0.041184648871421814,0.00091552734375,0.0068064345978200436,0.06400122493505478
0.9695,0.04118466004729271,0.0006103515625,0.0070305392146110535,0.06312616169452667
0.97,0.041184619069099426,0.0006103515625,0.00674872612580657,0.06353278458118439
0.9704999999999999,0.04118454083800316,0.00091552734375,0.006809632759541273,0.06402602791786194
0.9710000000000001,0.04118454456329346,0.0006103515625,0.007007555570453405,0.06367211788892746
0.9715,0.04118470847606659,0.00091552734375,0.006547632627189159,0.0641065463423729
0.972,0.04118451476097107,0.0006103515625,0.006435643881559372,0.063462033867836
0.9724999999999999,0.041184477508068085,0.00030517578125,0.006810364313423634,0.06429453939199448
0.9730000000000001,0.04118449240922928,0.0006103515625,0.006649059243500233,0.06348151713609695
0.9735,0.0411844328045845,0.0006103515625,0.006501359399408102,0.06355465203523636
0.974,0.04118470847606659,0.00091552734375,0.006203474942594767,0.06508155912160873
0.9744999999999999,0.04118466377258301,0.0,0.006141071207821369,0.06326759606599808
0.9750000000000001,0.04118466377258301,0.0,0.00636941846460104,0.06412942707538605
0.9755,0.04118453338742256,0.0,0.00625646160915494,0.0637073963880539
0.976,0.04118449613451958,0.001220703125,0.00600443547591567,0.06406117230653763
0.9764999999999999,0.041184622794389725,0.00030517578125,0.006036406382918358,0.06458020210266113
0.9770000000000001,0.0411844439804554,0.00030517578125,0.005984948948025703,0.06428421288728714
0.9775,0.04118416830897331,0.0,0.006347436457872391,0.0635918378829956
0.978,0.041184499859809875,0.00030517578125,0.00599557813256979,0.06323350965976715
0.9784999999999999,0.041184455156326294,0.00091552734375,0.005869526416063309,0.06376741081476212
0.9790000000000001,0.04118476063013077,0.00091552734375,0.005766473710536957,0.06363827735185623
0.9795,0.04118429869413376,0.00030517578125,0.0059623392298817635,0.06419073045253754
0.98,0.04118470475077629,0.00030517578125,0.0062897177413105965,0.06396441161632538
0.9804999999999999,0.04118442162871361,0.0006103515625,0.00567426485940814,0.0632631927728653
0.9810000000000001,0.04118449240922928,0.0006103515625,0.005771180149167776,0.06325791776180267
0.9815,0.041184838861227036,0.0006103515625,0.005774867720901966,0.06404436379671097
0.982,0.04118417575955391,0.0006103515625,0.005749284289777279,0.06375377625226974
0.9824999999999999,0.041184619069099426,0.0006103515625,0.00592644652351737,0.06437734514474869
0.9830000000000001,0.04118472337722778,0.001220703125,0.0055938768200576305,0.06464163213968277
0.9835,0.04118449613451958,0.00030517578125,0.006016588769853115,0.06389517337083817
0.984,0.04118441045284271,0.00030517578125,0.005734426900744438,0.06390805542469025
0.9844999999999999,0.041184425354003906,0.0006103515625,0.005677348934113979,0.0628611296415329
0.9850000000000001,0.04118470102548599,0.00091552734375,0.005578713957220316,0.06525132060050964
0.9855,0.04118431359529495,0.0006103515625,0.0052270409651100636,0.0647810846567154
0.986,0.041184574365615845,0.00030517578125,0.005704508628696203,0.06419748067855835
0.9864999999999999,0.04118459299206734,0.00030517578125,0.0052141668274998665,0.06358382850885391
0.9870000000000001,0.041184354573488235,0.0006103515625,0.0058870092034339905,0.06342992931604385
0.9875,0.04118431359529495,0.0006103515625,0.005095196422189474,0.06424548476934433
0.988,0.041184283792972565,0.00091552734375,0.005456849001348019,0.06408040225505829
0.9884999999999999,0.041184403002262115,0.00030517578125,0.005221283528953791,0.06502506881952286
0.9890000000000001,0.04118428751826286,0.00091552734375,0.005362930707633495,0.06323365867137909
0.9895,0.04118432477116585,0.0,0.005948144476860762,0.06367737799882889
0.99,0.0411844402551651,0.00030517578125,0.005215924233198166,0.06399558484554291
0.9904999999999999,0.041184261441230774,0.00091552734375,0.005486586131155491,0.0637672021985054
0.9910000000000001,0.04118463397026062,0.00091552734375,0.005460062064230442,0.06484510749578476
0.9915,0.04118479788303375,0.00030517578125,0.0056334431283175945,0.06448449194431305
0.992,0.04118441790342331,0.0006103515625,0.0053504714742302895,0.0644131749868393
0.9924999999999999,0.04118441045284271,0.00030517578125,0.005580766126513481,0.06392374634742737
0.9930000000000001,0.0411846898496151,0.0006103515625,0.0051948376931250095,0.06291797012090683
0.9935,0.04118464142084122,0.0006103515625,0.005611462518572807,0.06429878622293472
0.994,0.04118427634239197,0.00030517578125,0.005106634926050901,0.06370566040277481
0.9944999999999999,0.04118439927697182,0.00091552734375,0.005541367921978235,0.06470151990652084
0.9950000000000001,0.04118448868393898,0.00030517578125,0.00495279673486948,0.06412868946790695
0.9955,0.04118435084819794,0.0006103515625,0.005538007244467735,0.06383755803108215
0.996,0.04118477180600166,0.0006103515625,0.005400442518293858,0.06452222168445587
0.9964999999999999,0.0411841906607151,0.0006103515625,0.005529908929020166,0.06436046957969666
0.9970000000000001,0.041184183210134506,0.00091552734375,0.005521684885025024,0.06412557512521744
0.9975,0.04118447005748749,0.0006103515625,0.004734884016215801,0.06371525675058365
0.998,0.04118448868393898,0.00030517578125,0.005428025498986244,0.0638917088508606
0.9984999999999999,0.041184261441230774,0.0,0.005125592462718487,0.06286929547786713
0.9990000000000001,0.04118449613451958,0.00030517578125,0.005295956041663885,0.0630798265337944
0.9995,0.041184622794389725,0.0006103515625,0.005299622658640146,0.06373610347509384
1.0,0.04118429496884346,0.0006103515625,0.005321273114532232,0.06396444141864777
1.0005,0.041184503585100174,-0.00030517578125,0.00526911485940218,0.06322478502988815
1.001,0.04118448123335838,0.00030517578125,0.004596071317791939,0.06391002237796783
1.0015,0.0411844477057457,0.00030517578125,0.005250345449894667,0.06374745815992355
1.002,0.041184719651937485,0.00091552734375,0.004993712529540062,0.0636904314160347
1.0025,0.04118435084819794,0.001220703125,0.005190694704651833,0.06385461241006851
1.003,0.04118451476097107,0.0006103515625,0.005257660057395697,0.06478653103113174
1.0035,0.041184600442647934,0.00030517578125,0.005116233602166176,0.06368274241685867
1.004,0.041184403002262115,0.0,0.004974906798452139,0.06301790475845337
1.0045,0.041184887290000916,0.0006103515625,0.005076861474663019,0.06561916321516037
1.005,0.04118417575955391,0.00030517578125,0.004893790930509567,0.06330922245979309
1.0055,0.041184667497873306,0.0006103515625,0.0048387311398983,0.0643637627363205
1.006,0.04118453338742256,0.0006103515625,0.005005846731364727,0.06399110704660416
1.0065,0.0411844439804554,0.0006103515625,0.004840704146772623,0.06382863968610764
1.007,0.04118441045284271,0.00030517578125,0.005276015494018793,0.06338703632354736
1.0075,0.04118424654006958,0.00091552734375,0.004947348032146692,0.0631628930568695
1.008,0.04118439555168152,0.00091552734375,0.005249543581157923,0.06499068439006805
1.0085,0.041184041649103165,0.0,0.0048619345761835575,0.06370183825492859
1.009,0.04118446633219719,0.0006103515625,0.005049033556133509,0.06377679109573364
1.0095,0.04118448868393898,0.00030517578125,0.004832210950553417,0.06379928439855576
1.01,0.04118446260690689,0.00030517578125,0.005164680071175098,0.0639895647764206
1.0105,0.04118453338742256,0.0006103515625,0.005103451665490866,0.06470063328742981
1.011,0.04118453711271286,0.0006103515625,0.004999000579118729,0.06398148834705353
1.0115,0.041184455156326294,0.0006103515625,0.005393258761614561,0.06460843235254288
1.012,0.04118433594703674,0.00030517578125,0.004800805822014809,0.06317997723817825
1.0125,0.04118465632200241,0.00030517578125,0.004988647531718016,0.06398838013410568
1.013,0.04118438810110092,-0.00030517578125,0.005379813723266125,0.06309273838996887
1.0135,0.041184455156326294,0.0006103515625,0.005234351381659508,0.06343936920166016
1.014,0.04118465632200241,0.0006103515625,0.004838134162127972,0.06439004838466644
1.0145,0.04118456691503525,0.00030517578125,0.005320419557392597,0.06380585581064224
1.015,0.04118448495864868,0.0006103515625,0.005456661339849234,0.0633818507194519
1.0155,0.04118461161851883,0.00030517578125,0.004888009745627642,0.06312981992959976
1.016,0.04118446633219719,0.0006103515625,0.004870767239481211,0.06453507393598557
1.0165,0.041184522211551666,0.0006103515625,0.005697348620742559,0.06457523256540298
1.017,0.04118424654006958,0.00091552734375,0.005009505432099104,0.06386146694421768
1.0175,0.04118466377258301,0.00091552734375,0.00516542186960578,0.06458880752325058
1.018,0.041184552013874054,0.00030517578125,0.005171705037355423,0.06367997825145721
1.0185,0.04118423908948898,0.0,0.004983783233910799,0.06342248618602753
1.019,0.04118462651968002,0.00030517578125,0.0053343093022704124,0.06359872221946716
1.0195,0.041184283792972565,0.0006103515625,0.0051689473912119865,0.06393962353467941
1.02,0.04118432477116585,0.00091552734375,0.005491499323397875,0.06345714628696442
1.0205,0.041184403002262115,0.00091552734375,0.0048750308342278,0.06332150846719742
1.021,0.041184477508068085,0.00030517578125,0.005170970223844051,0.0640958920121193
1.0215,0.0411846786737442,0.0,0.005117637105286121,0.06346536427736282
1.022,0.04118437319993973,0.0006103515625,0.005533723160624504,0.06328471004962921
1.0225,0.04118477553129196,0.0006103515625,0.005064901430159807,0.06416012346744537
1.023,0.04118435084819794,0.0006103515625,0.005013410001993179,0.06452161818742752
1.0235,0.04118462651968002,0.00091552734375,0.005254273768514395,0.06438655406236649
1.024,0.04118463024497032,0.0,0.0044524408876895905,0.06362462043762207
1.0245,0.04118432104587555,0.0006103515625,0.005006079096347094,0.06356645375490189
1.025,0.04118446633219719,0.0006103515625,0.004681786987930536,0.06334521621465683
1.0255,0.04118447005748749,0.0006103515625,0.004987115040421486,0.06431242823600769
1.026,0.04118464142084122,0.00091552734375,0.005241937469691038,0.06447918713092804
1.0265,0.041184183210134506,0.00030517578125,0.004733683541417122,0.06385920941829681
1.027,0.04118448495864868,0.0,0.004672293551266193,0.06332535296678543
1.0275,0.041184429079294205,0.00030517578125,0.005048906896263361,0.06487817317247391
1.028,0.041184134781360626,0.00030517578125,0.004934279248118401,0.06398826092481613
1.0285,0.04118472337722778,0.0006103515625,0.004597916733473539,0.06403248757123947
1.029,0.04118442162871361,0.0006103515625,0.004737886134535074,0.06418555974960327
1.0295,0.04118439182639122,0.00030517578125,0.004864097572863102,0.0638808012008667
1.03,0.04118434712290764,0.0006103515625,0.004815914202481508,0.06318651139736176
1.0305,0.04118439555168152,0.0,0.004976777825504541,0.06383971124887466
1.031,0.04118465632200241,0.0006103515625,0.004527500364929438,0.06399184465408325
1.0315,0.04118426516652107,0.0006103515625,0.004696130286902189,0.06338753551244736
1.032,0.041184768080711365,0.00030517578125,0.0049954624846577644,0.06411927193403244
1.0325,0.04118448123335838,0.0006103515625,0.004890294745564461,0.0638202652335167
1.033,0.041184328496456146,0.00030517578125,0.004637846257537603,0.0630308985710144
1.0335,0.04118439555168152,0.00030517578125,0.004759557545185089,0.06412960588932037
1.034,0.0411844365298748,0.00030517578125,0.0046422225423157215,0.06365033984184265
1.0345,0.0411846749484539,0.0006103515625,0.005083260592073202,0.06441322714090347
1.035,0.04118453338742256,0.00030517578125,0.004556963685899973,0.06395704299211502
1.0355,0.04118465632200241,0.0006103515625,0.004725632723420858,0.06457167863845825
1.036,0.04118470475077629,0.00030517578125,0.004802925046533346,0.06352511048316956
1.0365,0.041184306144714355,0.0006103515625,0.004948523826897144,0.06381068378686905
1.037,0.04118445888161659,0.00030517578125,0.004563352093100548,0.06496129930019379
1.0375,0.041184552013874054,0.0006103515625,0.004623961169272661,0.06358599662780762
1.038,0.04118438437581062,0.00030517578125,0.004611659329384565,0.06382639706134796
1.0385,0.041184380650520325,0.0006103515625,0.004668880254030228,0.06292781233787537
1.039,0.04118450731039047,0.00030517578125,0.004714003298431635,0.06457949429750443
1.0395,0.04118439555168152,0.00030517578125,0.00481933681294322,0.06357509642839432
1.04,0.04118417203426361,0.0006103515625,0.004532805643975735,0.06372110545635223
1.0405,0.0411844477057457,0.0006103515625,0.004882908891886473,0.06397899240255356
1.041,0.041184380650520325,0.00030517578125,0.004743298050016165,0.06338128447532654
1.0415,0.04118436202406883,0.00030517578125,0.004681379534304142,0.06331563740968704
1.042,0.04118455573916435,0.0,0.004522773437201977,0.06357254087924957
1.0425,0.04118441417813301,0.00030517578125,0.0045663705095648766,0.06393855065107346
1.043,0.041184570640325546,0.00091552734375,0.004828783683478832,0.06381960213184357
1.0435,0.04118432477116585,0.0006103515625,0.004722182638943195,0.06334035843610764
1.044,0.041184455156326294,0.00030517578125,0.005085926037281752,0.06366264820098877
1.0445,0.041184548288583755,0.00030517578125,0.004713119473308325,0.06330028176307678
1.045,0.04118422418832779,0.0006103515625,0.004331083502620459,0.0626879408955574
1.0455,0.04118465632200241,0.00030517578125,0.0043061356991529465,0.0639725923538208
1.046,0.041184380650520325,0.00030517578125,0.004839976318180561,0.06340456008911133
1.0465,0.0411846823990345,0.00091552734375,0.004283263348042965,0.06371331959962845
1.047,0.04118439927697182,0.00030517578125,0.004456451162695885,0.06356620788574219
1.0475,0.04118439555168152,0.0006103515625,0.0048259226605296135,0.06371749192476273
1.048,0.041184429079294205,0.0006103515625,0.00458480603992939,0.06446389108896255
1.0485,0.041184328496456146,0.0006103515625,0.00453816307708621,0.06386546790599823
1.049,0.04118451848626137,0.00091552734375,0.005154407117515802,0.06415392458438873
1.0495,0.04118433967232704,0.00030517578125,0.004376889206469059,0.06355544924736023
1.05,0.041184715926647186,0.0,0.004426345694810152,0.06308712810277939
1.0505,0.041184403002262115,0.00030517578125,0.005205733701586723,0.06362028419971466
1.051,0.04118429496884346,0.00091552734375,0.0048686061054468155,0.06379497051239014
1.0515,0.041184574365615845,0.0006103515625,0.004535460378974676,0.06435269117355347
1.052,0.04118438437581062,0.0,0.004804841708391905,0.06403250992298126
1.0525,0.041184622794389725,0.0006103515625,0.004952962975949049,0.06422197818756104
1.053,0.04118432477116585,0.00030517578125,0.004319506231695414,0.06307443976402283
1.0535,0.04118457809090614,0.0006103515625,0.004958797246217728,0.06320647150278091
1.054,0.04118456691503525,0.0006103515625,0.0050620343536138535,0.06465746462345123
1.0545,0.04118429869413376,0.0006103515625,0.004851828329265118,0.062331780791282654
1.055,0.04118454456329346,0.00091552734375,0.004505897872149944,0.06424914300441742
1.0555,0.04118445888161659,0.00091552734375,0.005027132574468851,0.06347079575061798
1.056,0.04118431732058525,0.00030517578125,0.0050105927512049675,0.0631173700094223
1.0565,0.0411844402551651,0.0,0.004820902831852436,0.0637592226266861
1.057,0.04118408262729645,0.0006103515625,0.004682255908846855,0.06357447057962418
1.0575,0.041184455156326294,0.0006103515625,0.004867729730904102,0.06344017386436462
1.058,0.04118450731039047,0.0006103515625,0.004143567755818367,0.06365218013525009
1.0585,0.041184328496456146,0.00030517578125,0.004793691914528608,0.06390741467475891
1.059,0.041184600442647934,0.00091552734375,0.004612258169800043,0.06333886086940765
1.0595,0.04118439182639122,0.0,0.0044198171235620975,0.06329488754272461
1.06,0.041184358298778534,0.0006103515625,0.004862857051193714,0.06412192434072495
1.0605,0.04118422791361809,0.00030517578125,0.004540452733635902,0.06314870715141296
1.061,0.041184552013874054,0.0006103515625,0.004673162009567022,0.06320317089557648
1.0615,0.04118453711271286,0.00030517578125,0.004448815248906612,0.06288360804319382
1.062,0.04118449240922928,0.00030517578125,0.005021370947360992,0.06416812539100647
1.0625,0.04118447005748749,0.00030517578125,0.004679189994931221,0.06359390169382095
1.063,0.04118423908948898,0.0006103515625,0.004520304501056671,0.06414177268743515
1.0635,0.041184455156326294,0.0006103515625,0.004360715858638287,0.06371121853590012
1.064,0.04118456691503525,0.0006103515625,0.004804322030395269,0.06396237015724182
1.0645,0.04118446260690689,0.00030517578125,0.004499488510191441,0.06284382194280624
1.065,0.04118460789322853,0.00091552734375,0.004377194680273533,0.06432823091745377
1.0655,0.041184403002262115,0.00091552734375,0.004854853264987469,0.06412133574485779
1.066,0.04118429124355316,0.00030517578125,0.004581650719046593,0.06266580522060394
1.0665,0.04118445888161659,0.0006103515625,0.004358966834843159,0.06307858228683472
1.067,0.041184525936841965,0.0006103515625,0.004727459046989679,0.0633111223578453
1.0675,0.041184619069099426,0.0,0.004608442075550556,0.06315073370933533
1.068,0.04118431359529495,-0.00030517578125,0.004742700140923262,0.06324521452188492
1.0685,0.04118466004729271,0.00091552734375,0.00449579581618309,0.06402602791786194
1.069,0.04118425026535988,0.00030517578125,0.004590019583702087,0.06410805135965347
1.0695,0.04118471220135689,0.0006103515625,0.0050791227258741856,0.06411245465278625
1.07,0.041184648871421814,0.0,0.004494866356253624,0.06399303674697876
1.0705,0.04118421673774719,0.0,0.00430246302857995,0.06328470259904861
1.071,0.04118461161851883,0.0006103515625,0.004759768024086952,0.06421494483947754
1.0715,0.04118414595723152,0.00030517578125,0.004196673631668091,0.06348384916782379
1.072,0.04118460416793823,0.00030517578125,0.004772301763296127,0.06428258121013641
1.0725,0.04118451103568077,0.0006103515625,0.004616878926753998,0.06328199058771133
1.073,0.041184619069099426,0.00091552734375,0.0045157489366829395,0.06348951905965805
1.0735,0.04118438810110092,0.00030517578125,0.004708191845566034,0.06431416422128677
1.074,0.041184425354003906,0.0006103515625,0.004576333332806826,0.06394603848457336
1.0745,0.04118465259671211,0.0006103515625,0.004322457127273083,0.06339345127344131
1.075,0.04118456318974495,0.0006103515625,0.0043530333787202835,0.06374598294496536
1.0755,0.041184790432453156,0.0006103515625,0.00482915947213769,0.06418665498495102
1.076,0.04118436574935913,-0.0006103515625,0.0046442183665931225,0.06385330110788345
1.0765,0.041184231638908386,0.0006103515625,0.004586347378790379,0.06365711987018585
1.077,0.041184522211551666,-0.00030517578125,0.0044648838229477406,0.06419600546360016
1.0775,0.041184451431035995,0.0006103515625,0.004690005909651518,0.0627766102552414
1.078,0.04118463024497032,0.0,0.004218593705445528,0.06425236910581589
1.0785,0.04118441417813301,0.00030517578125,0.004463226534426212,0.06316670030355453
1.079,0.04118441790342331,0.0006103515625,0.0046408637426793575,0.0636945590376854
1.0795,0.041184742003679276,0.00091552734375,0.00470888614654541,0.06387463212013245
1.08,0.041184429079294205,0.00030517578125,0.0047602057456970215,0.06266697496175766
1.0805,0.04118460416793823,0.0006103515625,0.004792822990566492,0.06404232978820801
1.081,0.041184503585100174,0.0006103515625,0.004616835620254278,0.06331905722618103
1.0815,0.04118459299206734,0.00091552734375,0.004450315143913031,0.06373020261526108
1.082,0.04118458926677704,0.00030517578125,0.004324547480791807,0.06341896206140518
1.0825,0.04118448868393898,0.00030517578125,0.004302201792597771,0.0634605884552002
1.083,0.041184477508068085,0.00030517578125,0.004429391585290432,0.06460265070199966
1.0835,0.04118449240922928,0.00030517578125,0.004221175331622362,0.06367695331573486
1.084,0.04118432104587555,0.00030517578125,0.004973210394382477,0.06465582549571991
1.0845,0.04118456691503525,0.0006103515625,0.004155804868787527,0.0633792132139206
1.085,0.04118453711271286,0.0006103515625,0.004499430302530527,0.06399040669202805
1.0855,0.04118439555168152,0.0,0.004771598149091005,0.06419794261455536
1.086,0.041184376925230026,0.00030517578125,0.004666808061301708,0.06326550245285034
1.0865,0.0411844477057457,0.00091552734375,0.0044161248952150345,0.06438615173101425
1.087,0.04118456691503525,0.0006103515625,0.0044493540190160275,0.06425788998603821
1.0875,0.041184764355421066,0.00030517578125,0.004579935688525438,0.0640934482216835
1.088,0.04118454456329346,0.00030517578125,0.00439974432811141,0.06390450149774551
1.0885,0.04118425399065018,0.00030517578125,0.005027602892369032,0.06494175642728806
1.089,0.04118438437581062,0.0006103515625,0.004675728268921375,0.06362998485565186
1.0895,0.041184354573488235,0.00091552734375,0.004269538912922144,0.06369940936565399
1.09,0.04118434339761734,0.00030517578125,0.004435567185282707,0.06388836354017258
1.0905,0.04118485003709793,0.00030517578125,0.004591356497257948,0.06390766054391861
1.091,0.04118449613451958,0.0006103515625,0.0044498201459646225,0.06397376954555511
1.0915,0.0411844477057457,0.00091552734375,0.005023121368139982,0.06398911029100418
1.092,0.04118429496884346,0.0006103515625,0.004746433347463608,0.06327379494905472
1.0925,0.04118432104587555,0.0006103515625,0.0043772305361926556,0.06457802653312683
1.093,0.04118466377258301,0.001220703125,0.004194724373519421,0.06355611234903336
1.0935,0.04118424654006958,0.0006103515625,0.005217059049755335,0.06402213871479034
1.094,0.04118472337722778,0.0006103515625,0.0045531922951340675,0.064169742166996
1.0945,0.041184257715940475,0.0006103515625,0.004710536915808916,0.06394407898187637
1.095,0.041184522211551666,0.00091552734375,0.004609112162142992,0.06411580741405487
1.0955,0.04118417203426361,0.00030517578125,0.004587383940815926,0.06369107216596603
1.096,0.04118435084819794,0.00091552734375,0.004504948854446411,0.06371358036994934
1.0965,0.041184280067682266,0.00030517578125,0.004661146551370621,0.06386741250753403
1.097,0.04118410125374794,0.00030517578125,0.004836213309317827,0.06335831433534622
1.0975,0.04118458926677704,0.00091552734375,0.004294510930776596,0.06463729590177536
1.098,0.041184332221746445,0.00091552734375,0.004367480054497719,0.06410939991474152
1.0985,0.041184548288583755,0.00030517578125,0.00496302917599678,0.06427302956581116
1.099,0.041184283792972565,0.00030517578125,0.004285308066755533,0.06348463147878647
1.0995,0.041184235364198685,0.00030517578125,0.004667638801038265,0.06331983953714371
1.1,0.04118449240922928,0.00030517578125,0.004560315981507301,0.06425303965806961
1.1005,0.04118417575955391,0.00091552734375,0.004701525904238224,0.06338205933570862
1.101,0.04118455573916435,0.0006103515625,0.004592990968376398,0.06385009735822678
1.1015,0.041184425354003906,0.0006103515625,0.004584169946610928,0.06331031024456024
1.102,0.04118432477116585,0.0006103515625,0.0044955480843782425,0.06283466517925262
1.1025,0.04118441417813301,0.00030517578125,0.004150646738708019,0.06367282569408417
1.103,0.0411844477057457,0.0006103515625,0.0048741442151367664,0.06377428025007248
1.1035,0.04118456691503525,0.00030517578125,0.0045926677994430065,0.06409201771020889
1.104,0.04118453338742256,0.0006103515625,0.004396699368953705,0.06307706236839294
1.1045,0.041184473782777786,0.00091552734375,0.004260027315467596,0.06443715840578079
1.105,0.04118456691503525,0.00030517578125,0.004626747686415911,0.06369083374738693
1.1055,0.0411841906607151,0.00030517578125,0.004497868940234184,0.06336485594511032
1.106,0.041184403002262115,0.00030517578125,0.004658907186239958,0.06452219188213348
1.1065,0.04118459299206734,0.0006103515625,0.004346562083810568,0.06383110582828522
1.107,0.041184552013874054,0.0006103515625,0.004228861536830664,0.06383418291807175
1.1075,0.04118463397026062,0.00030517578125,0.004524055868387222,0.06314665824174881
1.108,0.04118423908948898,0.0006103515625,0.004421398043632507,0.0641624853014946
1.1085,0.04118452966213226,0.0,0.00431930972263217,0.0648515522480011
1.109,0.04118441045284271,0.00030517578125,0.0049737137742340565,0.06293012201786041
1.1095,0.041184548288583755,0.0006103515625,0.004530495963990688,0.06459517776966095
1.11,0.04118436947464943,0.0006103515625,0.004377559758722782,0.06347662955522537
1.1105,0.041184380650520325,0.0006103515625,0.004791452549397945,0.0636296272277832
1.111,0.04118436947464943,0.0,0.004205777775496244,0.06319869309663773
1.1115,0.04118458181619644,0.00030517578125,0.004640003200620413,0.06371764838695526
1.112,0.04118460416793823,0.0006103515625,0.004510321654379368,0.06275307387113571
1.1125,0.04118433594703674,0.0006103515625,0.003865282516926527,0.06330577284097672
1.113,0.0411844402551651,0.00030517578125,0.004818550311028957,0.06297197192907333
1.1135,0.04118449613451958,0.00030517578125,0.004744796082377434,0.06306978315114975
1.114,0.04118424281477928,0.0006103515625,0.004645717330276966,0.06318171322345734
1.1145,0.04118453711271286,0.0006103515625,0.004112168215215206,0.06407193094491959
1.115,0.04118434712290764,0.0006103515625,0.004526231903582811,0.06322067230939865
1.1155,0.041184570640325546,0.0006103515625,0.0044026002287864685,0.0637054517865181
1.116,0.04118473082780838,0.0006103515625,0.004063613247126341,0.06410657614469528
1.1165,0.041184209287166595,-0.00030517578125,0.0048919920809566975,0.06394706666469574
1.117,0.0411846861243248,0.0006103515625,0.004294995218515396,0.0633118748664856
1.1175,0.04118426889181137,0.00030517578125,0.004104710184037685,0.06318027526140213
1.118,0.041184403002262115,0.00091552734375,0.004734919406473637,0.06368669122457504
1.1185,0.04118442162871361,0.00030517578125,0.004649116192013025,0.06345324963331223
1.119,0.04118436574935913,0.0006103515625,0.0041765510104596615,0.06325992196798325
1.1195,0.04118433594703674,0.00030517578125,0.004369040951132774,0.06294522434473038
1.12,0.04118404537439346,0.0006103515625,0.004339475650340319,0.06308064609766006
1.1205,0.04118458554148674,0.00030517578125,0.004891573451459408,0.06425321102142334
1.121,0.04118434339761734,0.0006103515625,0.004250721074640751,0.06324300169944763
1.1215,0.04118466377258301,0.0006103515625,0.0045001320540905,0.0639706403017044
1.122,0.04118460416793823,0.0006103515625,0.0043608443811535835,0.06345056742429733
1.1225,0.04118414223194122,0.0,0.004520623944699764,0.06309765577316284
1.123,0.04118441417813301,0.0,0.004607513081282377,0.06391531974077225
1.1235,0.041184574365615845,0.0006103515625,0.004536722786724567,0.06281750649213791
1.124,0.04118445888161659,0.00091552734375,0.00458050612360239,0.06429899483919144
1.1245,0.04118458181619644,0.00030517578125,0.004089216236025095,0.06381747126579285
1.125,0.04118411988019943,0.0006103515625,0.004630940034985542,0.06359010189771652
1.1255,0.04118438437581062,0.0,0.004140024073421955,0.06356397271156311
1.126,0.04118441790342331,0.00030517578125,0.004353741649538279,0.06321889162063599
1.1265,0.04118448868393898,0.0006103515625,0.004574522376060486,0.06325780600309372
1.127,0.04118445888161659,0.00091552734375,0.004377974662929773,0.06388244777917862
1.1275,0.041184380650520325,0.0006103515625,0.004366452805697918,0.06447094678878784
1.128,0.04118458926677704,0.00030517578125,0.004246492404490709,0.06375430524349213
1.1285,0.04118427261710167,0.0006103515625,0.004451871383935213,0.0636204406619072
1.129,0.04118458926677704,0.00030517578125,0.004266906995326281,0.06417341530323029
1.1295,0.04118451103568077,0.0006103515625,0.004391011781990528,0.06361820548772812
1.13,0.04118447005748749,0.00030517578125,0.004074986092746258,0.06431971490383148
1.1305,0.04118451103568077,0.00091552734375,0.004547660239040852,0.06299323588609695
1.131,0.041184160858392715,-0.00030517578125,0.00437617301940918,0.06392274796962738
1.1315,0.04118441790342331,0.0,0.004291418008506298,0.06293638795614243
1.132,0.04118436574935913,0.00030517578125,0.004315150901675224,0.06312744319438934
1.1325,0.04118450731039047,0.0006103515625,0.0044263447634875774,0.0639033168554306
1.133,0.041184406727552414,0.00030517578125,0.004373519215732813,0.06350770592689514
1.1335,0.0411844365298748,0.00091552734375,0.004440686199814081,0.06389892101287842
1.134,0.04118485003709793,0.0,0.004670954309403896,0.06374114006757736
1.1345,0.041184283792972565,0.00030517578125,0.004177638329565525,0.06335500627756119
1.135,0.041184838861227036,0.0006103515625,0.004697227850556374,0.06313733011484146
1.1355,0.04118447005748749,0.00030517578125,0.004168821964412928,0.0634116530418396
1.136,0.04118429869413376,0.0006103515625,0.0045198313891887665,0.06445097178220749
1.1365,0.04118437319993973,0.0006103515625,0.004373667761683464,0.06364590674638748
1.137,0.041184477508068085,0.0,0.004877045284956694,0.06280802190303802
1.1375,0.04118457809090614,0.00030517578125,0.004640982020646334,0.06354185193777084
1.138,0.04118434712290764,0.0006103515625,0.00397683447226882,0.06277868151664734
1.1385,0.04118477553129196,0.00091552734375,0.004935178440064192,0.06399154663085938
1.139,0.04118456318974495,0.0006103515625,0.0046705156564712524,0.06469263136386871
1.1395,0.041184201836586,0.0006103515625,0.004250665660947561,0.06325889378786087
1.14,0.041184622794389725,0.0,0.004433681257069111,0.06415443122386932
1.1405,0.041184209287166595,0.00030517578125,0.004458178766071796,0.06239469721913338
1.141,0.04118448868393898,0.0006103515625,0.004181774333119392,0.06397435814142227
1.1415,0.041184552013874054,0.0006103515625,0.004387070424854755,0.06371798366308212
1.142,0.04118445888161659,0.00030517578125,0.0042091612704098225,0.06384380161762238
1.1425,0.04118446633219719,0.0006103515625,0.004315875004976988,0.06318015605211258
1.143,0.04118431359529495,0.0006103515625,0.004302884452044964,0.06340496242046356
1.1435,0.041184525936841965,0.0,0.004615939222276211,0.06355958431959152
1.144,0.04118448868393898,0.00030517578125,0.003902129828929901,0.06339922547340393
1.1445,0.04118451103568077,0.001220703125,0.004257474560290575,0.06366219371557236
1.145,0.04118466004729271,0.00091552734375,0.004414513241499662,0.0639556273818016
1.1455,0.041184380650520325,0.00030517578125,0.004109142813831568,0.06334072351455688
1.146,0.041184376925230026,0.00030517578125,0.004838529508560896,0.06361624598503113
1.1465,0.04118414223194122,0.00030517578125,0.00434924615547061,0.06215684488415718
1.147,0.04118470847606659,0.00091552734375,0.004293143283575773,0.06431218236684799
1.1475,0.041184328496456146,0.00030517578125,0.003938106819987297,0.06388764828443527
1.148,0.04118456318974495,0.00030517578125,0.004479978233575821,0.06394706666469574
1.1485,0.04118471220135689,0.0006103515625,0.0043135774321854115,0.06334134191274643
1.149,0.04118428751826286,0.0006103515625,0.004381424747407436,0.0631745234131813
1.1495,0.04118417203426361,0.00030517578125,0.004453625530004501,0.06378842890262604
1.15,0.04118463769555092,0.0006103515625,0.004326983820647001,0.0640149712562561
1.1505,0.04118455573916435,0.00030517578125,0.004179391078650951,0.06414886564016342
1.151,0.041184429079294205,0.00030517578125,0.004423785954713821,0.06396818161010742
1.1515,0.04118445888161659,-0.00030517578125,0.0043073417618870735,0.0634804219007492
1.152,0.04118454456329346,0.0006103515625,0.004286319948732853,0.06380047649145126
1.1525,0.04118448868393898,0.0006103515625,0.004246448632329702,0.0640251561999321
1.153,0.041184309870004654,0.00030517578125,0.004404035396873951,0.06359563022851944
1.1535,0.04118461534380913,0.00030517578125,0.004447947256267071,0.06409254670143127
1.154,0.04118383303284645,0.00030517578125,0.0043683238327503204,0.06310877948999405
1.1545,0.0411844477057457,0.0006103515625,0.004705068655312061,0.06363870948553085
1.155,0.04118439182639122,0.0006103515625,0.004203759133815765,0.06265559047460556
1.1555,0.041184376925230026,0.00091552734375,0.00425797700881958,0.06398331373929977
1.156,0.041184619069099426,0.0006103515625,0.004568689968436956,0.06399323791265488
1.1565,0.04118441045284271,0.0,0.004241236951202154,0.0634583979845047
1.157,0.04118478298187256,0.00091552734375,0.004665251821279526,0.06357725709676743
1.1575,0.0411841943860054,0.00030517578125,0.004202750977128744,0.06355829536914825
1.158,0.041184257715940475,0.0,0.004719985648989677,0.06248816102743149
1.1585,0.04118451103568077,0.00091552734375,0.004404035396873951,0.06325014680624008
1.159,0.04118438437581062,0.00091552734375,0.0040536075830459595,0.06413827836513519
1.1595,0.041184499859809875,0.0006103515625,0.0043561095371842384,0.06375757604837418
1.16,0.04118437319993973,0.0006103515625,0.00422043539583683,0.06309486925601959
1.1605,0.04118430241942406,0.00030517578125,0.0045951795764267445,0.06347960978746414
1.161,0.04118448868393898,0.0,0.004220367409288883,0.06379278749227524
1.1615,0.04118436202406883,0.0006103515625,0.0046178982593119144,0.06322386115789413
1.162,0.04118446260690689,0.00030517578125,0.0045888894237577915,0.06420601904392242
1.1625,0.041184380650520325,0.00030517578125,0.004555193707346916,0.0639764815568924
1.163,0.0411844365298748,0.00030517578125,0.004253841936588287,0.06403852999210358
1.1635,0.04118453338742256,0.0006103515625,0.004446117207407951,0.06330757588148117
1.164,0.04118433594703674,0.0006103515625,0.004353390075266361,0.06383222341537476
1.1645,0.0411844477057457,0.0006103515625,0.0041675143875181675,0.06395605951547623
1.165,0.04118431732058525,0.00091552734375,0.004374787677079439,0.06335058808326721
1.1655,0.041184619069099426,0.0006103515625,0.004335648380219936,0.06414838135242462
1.166,0.04118449613451958,0.00030517578125,0.003984611481428146,0.06341855973005295
1.1665,0.041184403002262115,-0.00030517578125,0.0040541826747357845,0.06399840861558914
1.167,0.041184619069099426,0.001220703125,0.004257695749402046,0.0635753646492958
1.1675,0.04118412360548973,0.0006103515625,0.004074727650731802,0.06339426338672638
1.168,0.04118463769555092,0.00091552734375,0.004299044143408537,0.06452890485525131
1.1685,0.04118421673774719,0.00030517578125,0.004735184367746115,0.063238225877285
1.169,0.04118456691503525,0.0006103515625,0.004000310320407152,0.06377758830785751
1.1695,0.04118432104587555,0.0006103515625,0.004194187466055155,0.06267626583576202
1.17,0.0411846749484539,0.001220703125,0.005067973863333464,0.06358666718006134
1.1705,0.04118432104587555,0.0006103515625,0.0039530061185359955,0.06464861333370209
1.171,0.04118429496884346,0.00091552734375,0.003938875161111355,0.06369414925575256
1.1715,0.04118470475077629,0.0006103515625,0.004564774222671986,0.06427569687366486
1.172,0.041184552013874054,0.0006103515625,0.004160119220614433,0.06297411769628525
1.1725,0.04118449240922928,0.0006103515625,0.004548837896436453,0.06367243826389313
1.173,0.041184455156326294,0.0006103515625,0.004646863788366318,0.0635177493095398
1.1735,0.04118460789322853,0.00030517578125,0.0042745815590023994,0.06297291815280914
1.174,0.0411844477057457,0.0006103515625,0.0040224469266831875,0.06409930437803268
1.1745,0.04118466377258301,0.00030517578125,0.0043540229089558125,0.0635099858045578
1.175,0.04118471220135689,0.00091552734375,0.004637602251023054,0.0641951635479927
1.1755,0.04118455946445465,0.00091552734375,0.004493596963584423,0.06292539089918137
1.176,0.04118449240922928,0.0006103515625,0.0037765882443636656,0.06401136517524719
1.1765,0.04118473082780838,0.00030517578125,0.004869859665632248,0.06449315696954727
1.177,0.04118461161851883,0.00091552734375,0.004134458489716053,0.06400895863771439
1.1775,0.04118446633219719,0.0,0.004297092091292143,0.06468137353658676
1.178,0.0411841981112957,0.0006103515625,0.004541892558336258,0.0628511980175972
1.1785,0.04118430241942406,0.00030517578125,0.0042649926617741585,0.06332434713840485
1.179,0.04118433594703674,0.0006103515625,0.004297406878322363,0.06325940042734146
1.1795,0.04118413105607033,0.0006103515625,0.0041662584990262985,0.06355638056993484
1.18,0.041184552013874054,0.0006103515625,0.004476132802665234,0.0645211786031723
1.1805,0.04118438437581062,0.0,0.00435119541361928,0.0635548010468483
1.181,0.04118431359529495,0.00030517578125,0.0045379591174423695,0.06277653574943542
1.1815,0.041184764355421066,0.00091552734375,0.004093439318239689,0.06283186376094818
1.182,0.04118422418832779,0.00030517578125,0.00418877974152565,0.06346093118190765
1.1825,0.04118466377258301,0.0006103515625,0.00399802066385746,0.06398186832666397
1.183,0.04118465632200241,0.0,0.004392419010400772,0.0638696551322937
1.1835,0.04118435084819794,0.00091552734375,0.004393188748508692,0.06385081261396408
1.184,0.04118426889181137,0.00091552734375,0.004225053824484348,0.06350283324718475
1.1845,0.041184671223163605,0.0,0.004231514874845743,0.06312548369169235
1.185,0.041184816509485245,0.00091552734375,0.004213444422930479,0.06339668482542038
1.1855,0.04118412733078003,0.0006103515625,0.004209806211292744,0.06337389349937439
1.186,0.04118441790342331,0.0,0.004074704833328724,0.06350932270288467
1.1865,0.04118456691503525,0.0006103515625,0.004288235679268837,0.06362994015216827
1.187,0.04118436574935913,0.00030517578125,0.004021039232611656,0.06345348060131073
1.1875,0.04118461161851883,0.00091552734375,0.004517900291830301,0.06355176120996475
1.188,0.04118429496884346,0.00030517578125,0.004433759022504091,0.06402984261512756
1.1885,0.04118477553129196,0.0,0.004373152274638414,0.06536742299795151
1.189,0.041184425354003906,0.00091552734375,0.004400834906846285,0.0640641376376152
1.1895,0.04118426889181137,0.00030517578125,0.004491050727665424,0.06333889812231064
1.19,0.0411846861243248,0.0006103515625,0.004530290607362986,0.06390076875686646
1.1905,0.04118446260690689,0.00091552734375,0.004131881054490805,0.0633641928434372
1.191,0.04118473082780838,0.00030517578125,0.004434015601873398,0.06454328447580338
1.1915,0.04118427634239197,0.0,0.004208645783364773,0.06385541707277298
1.192,0.04118466377258301,0.0006103515625,0.004103498999029398,0.06347553431987762
1.1925,0.04118424654006958,0.00030517578125,0.004452334251254797,0.0640619769692421
1.193,0.041184138506650925,0.00091552734375,0.004601456690579653,0.06257758289575577
1.1935,0.0411846749484539,0.0006103515625,0.0046928212977945805,0.06397800892591476
1.194,0.04118451848626137,0.00030517578125,0.0038971255999058485,0.06346449255943298
1.1945,0.04118466377258301,0.0006103515625,0.004553835839033127,0.06427101790904999
1.195,0.04118426516652107,0.00030517578125,0.004113967064768076,0.06283893436193466
1.1955,0.04118431732058525,-0.00030517578125,0.004003770183771849,0.06321441382169724
1.196,0.0411849170923233,0.00030517578125,0.004403561353683472,0.06332758814096451
1.1965,0.041184667497873306,0.00030517578125,0.004249025136232376,0.06244414672255516
1.197,0.04118454083800316,0.00030517578125,0.0043779220432043076,0.06402081996202469
1.1975,0.04118451848626137,0.00030517578125,0.004432390909641981,0.06364885717630386
1.198,0.041184473782777786,0.0006103515625,0.004426611587405205,0.0637151226401329
1.1985,0.04118470847606659,0.00030517578125,0.004302685149013996,0.06330820918083191
1.199,0.04118429124355316,0.0006103515625,0.004318461287766695,0.06381084024906158
1.1995,0.04118459299206734,0.0,0.004212492611259222,0.06433385610580444
1.2,0.04118451476097107,0.0006103515625,0.004157043527811766,0.06310269236564636
1.2005,0.041184503585100174,0.0006103515625,0.003841821104288101,0.06414230912923813
1.201,0.04118462651968002,0.00030517578125,0.004699420649558306,0.06336416304111481
1.2015,0.04118429496884346,0.0006103515625,0.004505152814090252,0.06296912580728531
1.202,0.04118456691503525,0.0006103515625,0.00425355788320303,0.06334363669157028
1.2025,0.041184455156326294,0.001220703125,0.004096503835171461,0.0630221739411354
1.203,0.04118473455309868,0.00030517578125,0.004148855805397034,0.06465074419975281
1.2035,0.0411844477057457,0.0006103515625,0.0039149001240730286,0.06308881938457489
1.204,0.041184231638908386,0.00091552734375,0.004311056341975927,0.0639757588505745
1.2045,0.041184622794389725,0.0,0.004301538225263357,0.06363216042518616
1.205,0.04118457809090614,0.00091552734375,0.00428417045623064,0.06365813314914703
1.2055,0.04118464142084122,0.00030517578125,0.004040177911520004,0.06397020071744919
1.206,0.04118431359529495,0.00030517578125,0.004236583132296801,0.06353827565908432
1.2065,0.04118455573916435,0.00030517578125,0.004483413882553577,0.06307284533977509
1.207,0.04118432477116585,0.0006103515625,0.004040174651890993,0.0636226013302803
1.2075,0.04118449240922928,0.00030517578125,0.00448621204122901,0.06362848728895187
1.208,0.04118451476097107,0.0006103515625,0.0047714589163661,0.06336963176727295
1.2085,0.041184403002262115,0.00030517578125,0.0040077511221170425,0.0632663369178772
1.209,0.04118441790342331,0.0006103515625,0.004433554131537676,0.06413020938634872
1.2095,0.041184477508068085,0.00091552734375,0.004054153338074684,0.06367620825767517
1.21,0.041184257715940475,0.0,0.004377087578177452,0.06299522519111633
1.2105,0.04118434339761734,0.0006103515625,0.00427017780020833,0.06364111602306366
1.211,0.041184525936841965,0.00030517578125,0.004252512473613024,0.06383378803730011
1.2115,0.04118455573916435,0.00091552734375,0.00504662748426199,0.06407580524682999
1.212,0.041184596717357635,0.00030517578125,0.0039636436849832535,0.0642634779214859
1.2125,0.04118437319993973,0.00030517578125,0.004574248567223549,0.0636376291513443
1.213,0.04118475690484047,0.00030517578125,0.004277739208191633,0.06279286742210388
1.2135,0.04118421673774719,0.0006103515625,0.004191598389297724,0.06301459670066833
1.214,0.041184570640325546,0.00030517578125,0.004023337736725807,0.06403263658285141
1.2145,0.041184667497873306,0.0006103515625,0.0038420932833105326,0.06405182927846909
1.215,0.04118455573916435,0.0,0.004538653884083033,0.06328520178794861
1.2155,0.04118439182639122,0.0,0.004141567274928093,0.06391214579343796
1.216,0.04118425399065018,0.0006103515625,0.004641787614673376,0.06322464346885681
1.2165,0.0411846823990345,0.001220703125,0.004540182650089264,0.06376968324184418
1.217,0.041184257715940475,0.0006103515625,0.003947678953409195,0.06398476660251617
1.2175,0.0411846861243248,0.00030517578125,0.004317940678447485,0.06392622739076614
1.218,0.041184671223163605,0.00030517578125,0.0040544201619923115,0.06372623890638351
1.2185,0.04118425399065018,0.0006103515625,0.0038530309684574604,0.06269729882478714
1.219,0.04118471220135689,0.0,0.004546176176518202,0.06323229521512985
1.2195,0.04118414968252182,0.0006103515625,0.0044847698882222176,0.061739712953567505
1.22,0.04118448123335838,0.00030517578125,0.00447435537353158,0.06343749165534973
1.2205,0.04118436574935913,0.00030517578125,0.0037814395036548376,0.06346328556537628
1.221,0.04118431359529495,0.0006103515625,0.004138688091188669,0.06311459094285965
1.2215,0.04118461161851883,0.0006103515625,0.004087428562343121,0.06345050036907196
1.222,0.0411844477057457,0.0006103515625,0.003670948790386319,0.06295906007289886
1.2225,0.041184473782777786,0.00030517578125,0.0041835070587694645,0.06364612281322479
1.223,0.04118464142084122,0.0006103515625,0.00436024833470583,0.06434649229049683
1.2235,0.04118454083800316,0.0006103515625,0.004255831241607666,0.06342142820358276
1.224,0.04118453338742256,0.00030517578125,0.004143587779253721,0.06394126266241074
1.2245,0.04118454456329346,0.0,0.004329047631472349,0.0628041997551918
1.225,0.04118472710251808,0.00030517578125,0.004220960661768913,0.06437373161315918
1.2255,0.04118448868393898,0.0006103515625,0.0038787773810327053,0.06317037343978882
1.226,0.04118477180600166,0.0006103515625,0.004299779422581196,0.06363154202699661
1.2265,0.04118472337722778,0.00030517578125,0.003928540740162134,0.0636967122554779
1.227,0.04118426516652107,0.0006103515625,0.0039004271384328604,0.06330622732639313
1.2275,0.04118446633219719,0.00030517578125,0.004044861067086458,0.06398496776819229
1.228,0.041184354573488235,0.00091552734375,0.0036696922034025192,0.06300122290849686
1.2285,0.04118441790342331,0.00091552734375,0.004050122108310461,0.06435897946357727
1.229,0.04118456318974495,0.00030517578125,0.004229038953781128,0.06417399644851685
1.2295,0.04118446633219719,0.00030517578125,0.0045620896853506565,0.06408262997865677
1.23,0.041184548288583755,0.00091552734375,0.004238576162606478,0.06370531767606735
1.2305,0.04118426516652107,0.00030517578125,0.004429218824952841,0.06307600438594818
1.231,0.04118439555168152,0.00091552734375,0.004334055818617344,0.0629754513502121
1.2315,0.04118448495864868,0.00030517578125,0.00427054101601243,0.06351229548454285
1.232,0.04118434339761734,0.00030517578125,0.004395839758217335,0.06361962109804153
1.2325,0.041184596717357635,0.00091552734375,0.004139420576393604,0.06418970972299576
1.233,0.041184697300195694,0.0006103515625,0.004421400371938944,0.06319262832403183
1.2335,0.04118471220135689,0.0006103515625,0.0042739990167319775,0.06410908699035645
1.234,0.041184499859809875,0.0006103515625,0.004481899552047253,0.06338033080101013
1.2345,0.041184742003679276,0.00091552734375,0.004347543232142925,0.06453782320022583
1.235,0.041184745728969574,0.00030517578125,0.0038879034109413624,0.0650179386138916
1.2355,0.04118441045284271,0.0006103515625,0.003913368564099073,0.06390279531478882
1.236,0.041184816509485245,0.00030517578125,0.00378021108917892,0.06392794102430344
1.2365,0.04118458554148674,0.00091552734375,0.004381767939776182,0.06339512020349503
1.237,0.041184596717357635,0.0006103515625,0.004381753969937563,0.06379770487546921
1.2375,0.04118466377258301,0.0006103515625,0.004639388062059879,0.0642567127943039
1.238,0.04118428751826286,0.00091552734375,0.0042871590703725815,0.06356832385063171
1.2385,0.04118487611413002,0.00030517578125,0.003920449875295162,0.0647299513220787
1.239,0.041184280067682266,0.0006103515625,0.004514605272561312,0.06368498504161835
1.2395,0.04118460416793823,0.00091552734375,0.00458392221480608,0.0634915679693222
1.24,0.04118461161851883,0.00030517578125,0.0040993038564920425,0.06309697777032852
1.2405,0.04118456318974495,0.0006103515625,0.0041173724457621574,0.0637158676981926
1.241,0.0411846823990345,0.00030517578125,0.004132013767957687,0.06392503529787064
1.2415,0.04118449240922928,0.0006103515625,0.004282941110432148,0.06335233151912689
1.242,0.04118463397026062,0.0006103515625,0.00456993980333209,0.06376032531261444
1.2425,0.04118416830897331,0.00030517578125,0.004247763659805059,0.06197109445929527
1.243,0.04118473082780838,0.0006103515625,0.0045019821263849735,0.06379847973585129
1.2435,0.041184358298778534,0.001220703125,0.003888384671881795,0.06378384679555893
1.244,0.04118438810110092,0.0006103515625,0.00415372010320425,0.06407474726438522
1.2445,0.04118470847606659,0.00030517578125,0.004329306073486805,0.06412772834300995
1.245,0.04118439555168152,0.0006103515625,0.004022309556603432,0.06297262758016586
1.2455,0.041184600442647934,0.00091552734375,0.00438751932233572,0.0640120655298233
1.246,0.041184693574905396,0.0,0.0038256070110946894,0.06344059854745865
1.2465,0.041184376925230026,0.0006103515625,0.00400451198220253,0.0642595961689949
1.247,0.0411844328045845,0.0006103515625,0.004136876203119755,0.0639149397611618
1.2475,0.04118436202406883,0.00030517578125,0.004306458868086338,0.06360717117786407
1.248,0.04118452966213226,0.0,0.0045558433048427105,0.06370136141777039
1.2485,0.04118451476097107,0.0006103515625,0.0040135979652404785,0.06321872770786285
1.249,0.041184306144714355,0.00030517578125,0.004310561344027519,0.06400029361248016
1.2495,0.0411844402551651,0.0006103515625,0.004426008090376854,0.06394506990909576
1.25,0.041184090077877045,0.0,0.003882027231156826,0.06374563276767731
1.2505,0.04118450731039047,0.00030517578125,0.0043757325038313866,0.06396857649087906
1.251,0.041184503585100174,0.0006103515625,0.004272318910807371,0.06268928945064545
1.2515,0.041184283792972565,0.00091552734375,0.004423009697347879,0.06367075443267822
1.252,0.04118449240922928,0.00030517578125,0.004081974737346172,0.06394505500793457
1.2525,0.04118429124355316,0.0006103515625,0.004381340928375721,0.06412231177091599
1.253,0.04118451848626137,0.00030517578125,0.004419503267854452,0.06314726918935776
1.2535,0.04118464142084122,0.00091552734375,0.004174405243247747,0.06316664814949036
1.254,0.04118427261710167,0.0006103515625,0.004191292449831963,0.06332489103078842
1.2545,0.041184455156326294,0.00030517578125,0.004112597554922104,0.06327090412378311
1.255,0.041184283792972565,0.0006103515625,0.004125763196498156,0.06371146440505981
1.2555,0.041184693574905396,0.00030517578125,0.004334513563662767,0.06425794214010239
1.256,0.0411844365298748,-0.00030517578125,0.004537519067525864,0.06334812939167023
1.2565,0.04118458554148674,0.00030517578125,0.004250435624271631,0.0638406053185463
1.257,0.041184283792972565,0.0006103515625,0.00413424102589488,0.06317223608493805
1.2575,0.0411844328045845,0.00030517578125,0.004539554473012686,0.06308595091104507
1.258,0.04118477925658226,0.00030517578125,0.004034963436424732,0.06325676292181015
1.2585,0.04118438810110092,0.00030517578125,0.004271345213055611,0.06318563222885132
1.259,0.04118450731039047,0.00030517578125,0.004041941836476326,0.06377933919429779
1.2595,0.04118457809090614,0.00030517578125,0.004417202435433865,0.0630282312631607
1.26,0.041184309870004654,0.00091552734375,0.004210632760077715,0.062272775918245316
1.2605,0.041184548288583755,0.00030517578125,0.004388574045151472,0.06361548602581024
1.261,0.04118428751826286,0.0006103515625,0.004513124469667673,0.06358335167169571
1.2615,0.041184745728969574,0.00030517578125,0.003803746309131384,0.06408698111772537
1.262,0.041184406727552414,0.0006103515625,0.004017028491944075,0.06375385075807571
1.2625,0.04118441417813301,0.0006103515625,0.004498850554227829,0.06330523639917374
1.263,0.04118441045284271,0.0006103515625,0.004000150132924318,0.06369349360466003
1.2635,0.04118388891220093,0.00030517578125,0.004282511305063963,0.06321017444133759
1.264,0.04118434339761734,0.00091552734375,0.004588609095662832,0.06431152671575546
1.2645,0.04118435084819794,0.00030517578125,0.00393158383667469,0.06343326717615128
1.265,0.041184429079294205,0.0006103515625,0.004346747882664204,0.06343136727809906
1.2655,0.04118412733078003,0.0,0.0046338592655956745,0.0629037469625473
1.266,0.041184451431035995,0.00091552734375,0.004184236284345388,0.06269282102584839
1.2665,0.04118461161851883,0.00030517578125,0.003769979579374194,0.06368271261453629
1.267,0.041184183210134506,0.00091552734375,0.004244524985551834,0.06296943128108978
1.2675,0.041184552013874054,0.00030517578125,0.0040620360523462296,0.06362250447273254
1.268,0.041184201836586,0.00030517578125,0.0040252008475363255,0.06306791305541992
1.2685,0.0411844365298748,0.0006103515625,0.0043282280676066875,0.06317199021577835
1.269,0.04118446633219719,0.001220703125,0.0040155015885829926,0.06304141879081726
1.2695,0.041184525936841965,0.0006103515625,0.0043223537504673,0.06307411193847656
1.27,0.04118450731039047,0.00091552734375,0.004010822158306837,0.06414743512868881
1.2705,0.041184477508068085,0.0,0.0038599043618887663,0.06280042231082916
1.271,0.04118452966213226,0.0006103515625,0.004340521525591612,0.06358443945646286
1.2715,0.04118450731039047,0.0006103515625,0.004054799675941467,0.06359827518463135
1.272,0.04118417948484421,0.0,0.004370658192783594,0.06346943229436874
1.2725,0.041184648871421814,0.0006103515625,0.004058584570884705,0.06385092437267303
1.273,0.04118436947464943,0.00030517578125,0.0039934259839355946,0.06344518810510635
1.2735,0.041184477508068085,0.0,0.004550675395876169,0.06409946829080582
1.274,0.04118431359529495,0.0006103515625,0.004067852161824703,0.06306038051843643
1.2745,0.041184280067682266,0.00030517578125,0.004125839564949274,0.06377867609262466
1.275,0.04118451848626137,0.00091552734375,0.0039231423288583755,0.06370078772306442
1.2755,0.041184473782777786,0.001220703125,0.004124515224248171,0.06428194791078568
1.276,0.041184794157743454,0.00152587890625,0.004403622355312109,0.06386742740869522
1.2765,0.041184522211551666,0.00030517578125,0.003949959296733141,0.06337251514196396
1.277,0.04118435084819794,0.00091552734375,0.004501805640757084,0.06320983916521072
1.2775,0.04118459299206734,0.0006103515625,0.004226045683026314,0.06266888231039047
1.278,0.04118446260690689,0.0006103515625,0.004301552195101976,0.06287489831447601
1.2785,0.0411844365298748,0.0006103515625,0.004434466827660799,0.06346265971660614
1.279,0.04118437319993973,0.00030517578125,0.0038892701268196106,0.06306563317775726
1.2795,0.041184764355421066,0.0,0.004095259588211775,0.06324368715286255
1.28,0.041184186935424805,0.00030517578125,0.0043962434865534306,0.06292633712291718
1.2805,0.04118433594703674,0.00030517578125,0.003987961448729038,0.06316304951906204
1.281,0.04118450731039047,0.0006103515625,0.004442231263965368,0.06291075050830841
1.2815,0.04118422418832779,0.00030517578125,0.004158133640885353,0.0632653534412384
1.282,0.04118430241942406,0.0006103515625,0.003914533648639917,0.06381432712078094
1.2825,0.04118458554148674,0.0,0.004421505145728588,0.06293856352567673
1.283,0.041184090077877045,0.0006103515625,0.004177173599600792,0.06394301354885101
1.2835,0.041184552013874054,0.00091552734375,0.00389244151301682,0.06350116431713104
1.284,0.04118429124355316,0.0006103515625,0.004158130846917629,0.06315203011035919
1.2845,0.04118477553129196,0.00030517578125,0.003966505639255047,0.06323236227035522
1.285,0.041184376925230026,0.0,0.0037867522332817316,0.06357695907354355
1.2855,0.04118422046303749,0.0006103515625,0.00411930913105607,0.06337162852287292
1.286,0.04118449613451958,0.0006103515625,0.004159301519393921,0.06342139840126038
1.2865,0.04118404909968376,0.0006103515625,0.00406233174726367,0.06288206577301025
1.287,0.04118454456329346,0.00091552734375,0.004300802946090698,0.06392984092235565
1.2875,0.04118448495864868,0.0006103515625,0.004104592837393284,0.06333272159099579
1.288,0.04118439927697182,0.00030517578125,0.004187967162579298,0.06347699463367462
1.2885,0.04118422046303749,0.00030517578125,0.004136199131608009,0.06370151787996292
1.289,0.04118438810110092,0.0006103515625,0.004282189998775721,0.06291426718235016
1.2895,0.04118432104587555,0.00030517578125,0.00413396256044507,0.06395510584115982
1.29,0.041184164583683014,0.0006103515625,0.004041485954076052,0.06290585547685623
1.2905,0.04118461161851883,0.0006103515625,0.00463274447247386,0.06403100490570068
1.291,0.04118445888161659,0.0006103515625,0.0040179649367928505,0.06352902948856354
1.2915,0.04118426889181137,0.00091552734375,0.003965746611356735,0.06400597095489502
1.292,0.041184570640325546,0.00091552734375,0.004080852959305048,0.06358277052640915
1.2925,0.04118428751826286,0.00091552734375,0.004351036157459021,0.062417179346084595
1.293,0.04118454083800316,0.00030517578125,0.004005704075098038,0.06355757266283035
1.2935,0.04118449240922928,0.001220703125,0.004380271770060062,0.06352914869785309
1.294,0.041184380650520325,0.00030517578125,0.00421942537650466,0.0642690658569336
1.2945,0.041184451431035995,0.00091552734375,0.004057427868247032,0.0636335089802742
1.295,0.041184455156326294,0.0006103515625,0.0039495606906712055,0.06310813128948212
1.2955,0.04118456691503525,0.0006103515625,0.004098592326045036,0.06361125409603119
1.296,0.04118432104587555,0.001220703125,0.00385602586902678,0.06415820121765137
1.2965,0.04118433967232704,0.0,0.0039335740730166435,0.06488560885190964
1.297,0.041184455156326294,0.00030517578125,0.004509695339947939,0.06417243927717209
1.2975,0.04118446633219719,0.0006103515625,0.0045587290078401566,0.06290755420923233
1.298,0.041184455156326294,0.0006103515625,0.003897186601534486,0.06281258910894394
1.2985,0.04118412733078003,0.00030517578125,0.004081641789525747,0.06219601631164551
1.299,0.04118449240922928,0.0006103515625,0.003923792392015457,0.06378034502267838
1.2995,0.04118437319993973,0.0006103515625,0.004173383116722107,0.06328820437192917
1.3,0.04118442162871361,0.0,0.00463267182931304,0.06363411247730255
1.3005,0.04118477925658226,0.001220703125,0.004044088535010815,0.06326543539762497
1.301,0.04118431359529495,0.0006103515625,0.004045585636049509,0.06277354061603546
1.3015,0.04118456691503525,0.00091552734375,0.004134024027734995,0.06311366707086563
1.302,0.041184455156326294,0.00030517578125,0.003888301784172654,0.06285226345062256
1.3025,0.04118438437581062,0.00030517578125,0.0042178090661764145,0.06326653808355331
1.303,0.04118461161851883,0.00030517578125,0.004186328500509262,0.06406770646572113
1.3035,0.04118429869413376,0.0006103515625,0.004345784895122051,0.06330012530088425
1.304,0.04118465632200241,0.0006103515625,0.004275758285075426,0.06235161051154137
1.3045,0.04118422046303749,0.00030517578125,0.0038743300829082727,0.06272388994693756
1.305,0.0411844477057457,0.0006103515625,0.004008415155112743,0.06411521136760712
1.3055,0.04118448495864868,0.00030517578125,0.004255137871950865,0.06348011642694473
1.306,0.041184648871421814,0.0006103515625,0.004083386622369289,0.06284943222999573
1.3065,0.04118458181619644,0.0006103515625,0.00423212768509984,0.06305655837059021
1.307,0.041184306144714355,0.00030517578125,0.004146276973187923,0.06269717961549759
1.3075,0.041184425354003906,0.0006103515625,0.004230856895446777,0.06382672488689423
1.308,0.041184525936841965,0.00091552734375,0.004142350982874632,0.06405198574066162
1.3085,0.041184332221746445,0.00030517578125,0.0039673480205237865,0.06376536935567856
1.309,0.0411846861243248,-0.00030517578125,0.004378741141408682,0.06353875994682312
1.3095,0.04118415340781212,0.0006103515625,0.0038855199236422777,0.06341138482093811
1.31,0.041184768080711365,0.0006103515625,0.004107313696295023,0.06365024298429489
1.3105,0.041184403002262115,0.00091552734375,0.003945530857890844,0.06306258589029312
1.311,0.04118432104587555,0.00030517578125,0.003971251193434,0.06417442113161087
1.3115,0.041184358298778534,0.00030517578125,0.003991542384028435,0.06455741077661514
1.312,0.041184376925230026,0.0006103515625,0.004417247138917446,0.06358610838651657
1.3125,0.04118463769555092,0.00091552734375,0.004423297010362148,0.06376417726278305
1.313,0.04118441790342331,0.00091552734375,0.003911043517291546,0.06237693503499031
1.3135,0.041184522211551666,0.0006103515625,0.004359065089374781,0.06366574764251709
1.314,0.0411844477057457,0.0,0.00408076262101531,0.06389853358268738
1.3145,0.0411844477057457,0.00030517578125,0.004236207343637943,0.06329439580440521
1.315,0.04118466377258301,0.0006103515625,0.0039063612930476665,0.06376132369041443
1.3155,0.041184403002262115,0.00091552734375,0.004432549234479666,0.06214552000164986
1.316,0.041184745728969574,0.0006103515625,0.004598351661115885,0.06331577152013779
1.3165,0.04118477553129196,0.0,0.003965229727327824,0.06356289237737656
1.317,0.04118446260690689,0.0,0.004429982975125313,0.06412188708782196
1.3175,0.041184745728969574,0.0,0.0036081129219383,0.06344781070947647
1.318,0.04118447005748749,0.00030517578125,0.004021083004772663,0.06321333348751068
1.3185,0.041184429079294205,0.0006103515625,0.004132203292101622,0.06309673935174942
1.319,0.0411844328045845,0.00091552734375,0.0040072849951684475,0.06290378421545029
1.3195,0.04118431732058525,0.0,0.004269000142812729,0.06404789537191391
1.32,0.04118451103568077,0.0006103515625,0.003967728465795517,0.06332468241453171
1.3205,0.04118453711271286,0.00091552734375,0.004527425859123468,0.0639711394906044
1.321,0.04118466004729271,0.0006103515625,0.004075244534760714,0.06375592201948166
1.3215,0.04118417203426361,0.0006103515625,0.0038558037485927343,0.06270497292280197
1.322,0.041184648871421814,0.0006103515625,0.004556806292384863,0.06360602378845215
1.3225,0.04118458554148674,-0.00030517578125,0.004250275436788797,0.06394249945878983
1.323,0.04118425399065018,0.00030517578125,0.004267106298357248,0.06406094878911972
1.3235,0.0411846823990345,0.0006103515625,0.004278757609426975,0.063787542283535
1.324,0.04118434712290764,0.00030517578125,0.004287767689675093,0.06270767748355865
1.3245,0.04118462651968002,0.0006103515625,0.00440642423927784,0.06353534013032913
1.325,0.0411844477057457,0.0006103515625,0.004521271213889122,0.0634339451789856
1.3255,0.04118472710251808,0.0,0.004458350595086813,0.06283074617385864
1.326,0.04118453338742256,0.0,0.004008049611002207,0.06305772811174393
1.3265,0.04118427261710167,0.0006103515625,0.004366767592728138,0.06318772584199905
1.327,0.041184764355421066,0.0,0.00441694213077426,0.0635710060596466
1.3275,0.0411842055618763,0.0006103515625,0.004009770229458809,0.06310347467660904
1.328,0.04118464142084122,0.00030517578125,0.004099860787391663,0.06325235217809677
1.3285,0.04118452966213226,0.0006103515625,0.0042362152598798275,0.0638202503323555
1.329,0.04118482396006584,0.0006103515625,0.004440614953637123,0.0641484409570694
1.3295,0.041184425354003906,0.0006103515625,0.004111357964575291,0.06365708261728287
1.33,0.04118439927697182,0.001220703125,0.0043542655184865,0.06340669095516205
1.3305,0.04118460416793823,0.00091552734375,0.004429681692272425,0.06409157067537308
1.331,0.04118409752845764,0.0006103515625,0.004069337155669928,0.06385859847068787
1.3315,0.04118434712290764,0.00030517578125,0.004439158830791712,0.06358366459608078
1.332,0.04118447005748749,0.00030517578125,0.004156745970249176,0.06386322528123856
1.3325,0.041184186935424805,0.00091552734375,0.004006525967270136,0.06385166943073273
1.333,0.04118452966213226,0.00030517578125,0.004241860471665859,0.0635838434100151
1.3335,0.041184283792972565,0.00030517578125,0.004427463281899691,0.06309662759304047
1.334,0.041184425354003906,0.0006103515625,0.00409494386985898,0.06419908255338669
1.3345,0.04118429496884346,0.0006103515625,0.0041921124793589115,0.06335912644863129
1.335,0.04118436574935913,0.0006103515625,0.004273523110896349,0.06310807913541794
1.3355,0.04118460789322853,0.0006103515625,0.004141161683946848,0.06435161828994751
1.336,0.04118429869413376,0.0006103515625,0.004195092711597681,0.0626368448138237
1.3365,0.04118449240922928,-0.00030517578125,0.004450796637684107,0.06328567117452621
1.337,0.04118448868393898,0.0006103515625,0.004166592378169298,0.06329122185707092
1.3375,0.04118405655026436,0.00030517578125,0.003999934531748295,0.06322259455919266
1.338,0.041184380650520325,0.00091552734375,0.004175843670964241,0.06328737735748291
1.3385,0.04118454456329346,0.00091552734375,0.004121698904782534,0.06327588856220245
1.339,0.041184522211551666,0.0,0.004285604692995548,0.06356680393218994
1.3395,0.04118436574935913,0.00030517578125,0.00428885780274868,0.06319732964038849
1.34,0.04118434712290764,0.0006103515625,0.004097296390682459,0.06353145837783813
1.3405,0.04118422791361809,0.0,0.003937251400202513,0.06383991241455078
1.341,0.04118427634239197,0.00030517578125,0.004207427613437176,0.06385794281959534
1.3415,0.04118486866354942,0.0006103515625,0.004257851280272007,0.06352177262306213
1.342,0.041184574365615845,0.001220703125,0.003909759689122438,0.06312395632266998
1.3425,0.0411844439804554,0.0006103515625,0.0041887774132192135,0.06404401361942291
1.343,0.041184380650520325,0.00030517578125,0.00416190130636096,0.06385990232229233
1.3435,0.041184376925230026,0.00091552734375,0.003947892691940069,0.06415984779596329
1.344,0.04118450731039047,0.0006103515625,0.004249942488968372,0.06373482942581177
1.3445,0.041184209287166595,0.001220703125,0.004186881706118584,0.06345555931329727
1.345,0.041184429079294205,0.00030517578125,0.00420926371589303,0.06352528184652328
1.3455,0.04118470102548599,0.0006103515625,0.003945968113839626,0.0633140355348587
1.346,0.04118405655026436,0.0006103515625,0.003977385815232992,0.06286519020795822
1.3465,0.04118453338742256,0.00030517578125,0.004106794949620962,0.0636313408613205
1.347,0.04118434712290764,0.0006103515625,0.004391761962324381,0.0637105256319046
1.3475,0.04118449240922928,0.0,0.004316264763474464,0.06412269175052643
1.348,0.0411841906607151,0.0006103515625,0.0039606476202607155,0.06359759718179703
1.3485,0.04118446633219719,0.00030517578125,0.0045541925355792046,0.06367313116788864
1.349,0.04118435084819794,0.00030517578125,0.004085280932486057,0.06364902853965759
1.3495,0.0411841943860054,0.00030517578125,0.00417099054902792,0.06338605284690857
1.35,0.0411849319934845,0.00091552734375,0.004213203210383654,0.06483835726976395
1.3505,0.04118405655026436,0.00030517578125,0.004194078966975212,0.06317763030529022
1.351,0.041184425354003906,0.0006103515625,0.004470908083021641,0.06297586858272552
1.3515,0.04118438437581062,0.00030517578125,0.004171965178102255,0.06297361105680466
1.352,0.04118450731039047,0.0006103515625,0.004534649662673473,0.06376305222511292
1.3525,0.04118447005748749,0.0006103515625,0.003740262473002076,0.06444839388132095
1.353,0.04118422418832779,0.0006103515625,0.0043378123082220554,0.06259806454181671
1.3535,0.04118463769555092,0.00030517578125,0.004387801047414541,0.06362435221672058
1.354,0.04118422418832779,0.00030517578125,0.003923094365745783,0.06349613517522812
1.3545,0.041184403002262115,0.0,0.004486186895519495,0.0626712292432785
1.355,0.0411844439804554,0.0006103515625,0.004503158852458,0.06335221976041794
1.3555,0.04118448495864868,0.00091552734375,0.004281968344002962,0.0638728067278862
1.356,0.041184525936841965,0.0006103515625,0.004370003938674927,0.06446200609207153
1.3565,0.041184548288583755,0.001220703125,0.004272728692740202,0.06308571994304657
1.357,0.04118450731039047,0.00030517578125,0.004011038690805435,0.06408588588237762
1.3575,0.041184403002262115,0.0006103515625,0.004239262081682682,0.062170594930648804
1.358,0.04118461534380913,0.0,0.0044519612565636635,0.06293296813964844
1.3585,0.04118446633219719,0.00091552734375,0.004627435468137264,0.06372980773448944
1.359,0.04118405282497406,0.00091552734375,0.004427628125995398,0.06271407753229141
1.3595,0.04118439927697182,0.00030517578125,0.0043158577755093575,0.06355132907629013
1.36,0.041184477508068085,-0.00030517578125,0.004110753070563078,0.06299181282520294
1.3605,0.04118422046303749,0.0006103515625,0.0043236794881522655,0.0633406788110733
1.361,0.04118452966213226,0.0,0.004062534775584936,0.06333550065755844
1.3615,0.041184667497873306,0.0006103515625,0.003922795876860619,0.06367293000221252
1.362,0.04118473827838898,0.00091552734375,0.004608043469488621,0.06417880207300186
1.3625,0.04118435084819794,0.00030517578125,0.004160240292549133,0.06317484378814697
1.363,0.041184648871421814,0.00030517578125,0.004590238910168409,0.06368035823106766
1.3635,0.04118456318974495,0.00091552734375,0.004211816471070051,0.06251619756221771
1.364,0.041184328496456146,0.0006103515625,0.004406183026731014,0.06369061022996902
1.3645,0.04118447005748749,0.0006103515625,0.0038904487155377865,0.06394432485103607
1.365,0.04118441790342331,0.00091552734375,0.004500494338572025,0.06361735612154007
1.3655,0.04118426516652107,0.00152587890625,0.004631078336387873,0.06396085023880005
1.366,0.0411846749484539,0.00030517578125,0.0043668258003890514,0.06261847168207169
1.3665,0.04118427261710167,0.0006103515625,0.004282014444470406,0.06359944492578506
1.367,0.041184477508068085,0.00030517578125,0.0038756816647946835,0.06326562911272049
1.3675,0.04118415713310242,0.0006103515625,0.003831189125776291,0.06268508732318878
1.368,0.04118411988019943,0.0,0.004329106770455837,0.06376006454229355
1.3685,0.041184473782777786,0.00030517578125,0.004220782313495874,0.06334546953439713
1.369,0.04118411988019943,0.0,0.0038096350617706776,0.062435563653707504
1.3695,0.04118446260690689,0.0006103515625,0.004419959150254726,0.06253311038017273
1.37,0.04118426889181137,0.00030517578125,0.0045195575803518295,0.06332352757453918
1.3705,0.04118436947464943,0.0006103515625,0.004025058820843697,0.06391788274049759
1.371,0.04118410870432854,0.00091552734375,0.004178374540060759,0.0628049224615097
1.3715,0.041184473782777786,0.0,0.004229005426168442,0.0639355480670929
1.372,0.041184742003679276,0.00030517578125,0.004307831171900034,0.063338503241539
1.3725,0.04118414968252182,0.00030517578125,0.004291740246117115,0.06255660206079483
1.373,0.04118477553129196,0.00030517578125,0.004395018797367811,0.06321150809526443
1.3735,0.04118415713310242,0.0006103515625,0.004083693027496338,0.06319592893123627
1.374,0.0411842055618763,0.0,0.004429619759321213,0.06338927149772644
1.3745,0.04118427634239197,0.0006103515625,0.003921464551240206,0.06329337507486343
1.375,0.0411842055618763,0.00030517578125,0.003894801251590252,0.06374813616275787
1.3755,0.04118463397026062,0.00030517578125,0.004008920397609472,0.06354224681854248
1.376,0.041184328496456146,0.00091552734375,0.004094602540135384,0.0636058822274208
1.3765,0.04118448868393898,0.00030517578125,0.003921723924577236,0.06490782648324966
1.377,0.041184332221746445,0.0,0.0036838913802057505,0.0636759027838707
1.3775,0.041184257715940475,0.0,0.004067298024892807,0.06294453889131546
1.378,0.041184719651937485,0.00030517578125,0.0043169669806957245,0.0633312240242958
1.3785,0.04118453338742256,0.00030517578125,0.004494131077080965,0.06305597722530365
1.379,0.041184552013874054,0.0,0.004184889607131481,0.06329618394374847
1.3795,0.0411841943860054,0.0006103515625,0.004154353402554989,0.06336186826229095
1.38,0.0411844402551651,0.0006103515625,0.003868082771077752,0.06341191381216049
1.3805,0.041184209287166595,0.0,0.004164110869169235,0.06265022605657578
1.381,0.04118432477116585,0.00091552734375,0.0037069544196128845,0.06279177963733673
1.3815,0.04118472337722778,0.00030517578125,0.004411268979310989,0.06375390291213989
1.382,0.041184138506650925,0.0006103515625,0.004131307825446129,0.06359640508890152
1.3825,0.04118434712290764,0.0006103515625,0.003958155866712332,0.06431367993354797
1.383,0.04118449240922928,0.0006103515625,0.0040130456909537315,0.06410429626703262
1.3835,0.04118441790342331,0.00030517578125,0.004274425096809864,0.06318798661231995
1.384,0.04118446260690689,0.0006103515625,0.003912277519702911,0.063144750893116
1.3845,0.04118448495864868,0.00030517578125,0.003929783124476671,0.0631948783993721
1.385,0.04118478670716286,0.00091552734375,0.004207586869597435,0.06364353001117706
1.3855,0.041184473782777786,0.00030517578125,0.003893333487212658,0.06331221014261246
1.386,0.04118433967232704,0.0,0.003742638509720564,0.06368553638458252
1.3865,0.04118473827838898,0.0,0.0039888350293040276,0.06382281333208084
1.387,0.04118414223194122,0.0,0.00430571474134922,0.06334912031888962
1.3875,0.04118433594703674,0.00091552734375,0.004188036546111107,0.06391806155443192
1.388,0.041184473782777786,0.0006103515625,0.003732691751793027,0.06463728845119476
1.3885,0.04118433967232704,0.00091552734375,0.004360515624284744,0.06543581187725067
1.389,0.04118441417813301,0.00030517578125,0.0038349349051713943,0.06372005492448807
1.3895,0.04118448123335838,0.0006103515625,0.004232577048242092,0.06360606849193573
1.39,0.041184522211551666,0.00030517578125,0.0041616144590079784,0.06387417763471603
1.3905,0.04118400067090988,0.00091552734375,0.004143391270190477,0.0632009506225586
1.391,0.041184376925230026,0.00091552734375,0.003995566628873348,0.06331731379032135
1.3915,0.041184403002262115,0.0006103515625,0.004098414443433285,0.06408415734767914
1.392,0.04118404537439346,0.0006103515625,0.004359513055533171,0.06299271434545517
1.3925,0.04118431359529495,0.00030517578125,0.004052655305713415,0.06369619071483612
1.393,0.041184503585100174,0.0,0.00434785196557641,0.06352801620960236
1.3935,0.041184570640325546,0.0006103515625,0.004097324330359697,0.06381821632385254
1.394,0.04118433967232704,0.0006103515625,0.0038597523234784603,0.06429009884595871
1.3945,0.04118441417813301,0.0006103515625,0.004207510035485029,0.06378412991762161
1.395,0.041184503585100174,0.0006103515625,0.004030406009405851,0.06431344151496887
1.3955,0.041184160858392715,0.00030517578125,0.004306293558329344,0.06284766644239426
1.396,0.041184768080711365,0.00030517578125,0.00390618946403265,0.06397493928670883
1.3965,0.04118438437581062,0.00091552734375,0.003954898100346327,0.06400241702795029
1.397,0.041184548288583755,0.0006103515625,0.004375298507511616,0.06380259245634079
1.3975,0.041184451431035995,0.0006103515625,0.004184227902442217,0.06369294971227646
1.398,0.04118438437581062,0.0,0.0042256200686097145,0.06326627731323242
1.3985,0.0411844439804554,0.00030517578125,0.004198833834379911,0.06382893770933151
1.399,0.041184134781360626,0.00091552734375,0.0043862685561180115,0.06273666024208069
1.3995,0.04118474945425987,0.0006103515625,0.004592620301991701,0.06413169950246811
1.4,0.041184600442647934,0.0006103515625,0.004151815548539162,0.06467847526073456
1.4005,0.041184477508068085,0.0006103515625,0.004074110649526119,0.06399621814489365
1.401,0.04118461161851883,-0.00030517578125,0.00440054340288043,0.06363757699728012
1.4015,0.04118424281477928,0.00091552734375,0.0038963111583143473,0.06322696805000305
1.402,0.04118422791361809,0.00030517578125,0.004100314807146788,0.06347014009952545
1.4025,0.04118410497903824,0.0006103515625,0.004167940933257341,0.06309730559587479
1.403,0.04118442162871361,0.00091552734375,0.004203620832413435,0.06428371369838715
1.4035,0.04118422791361809,0.0,0.00437351455911994,0.06411154568195343
1.404,0.04118391498923302,0.00030517578125,0.003921343479305506,0.06290171295404434
1.4045,0.04118463397026062,0.00030517578125,0.004007898271083832,0.0637209415435791
1.405,0.04118446633219719,0.0006103515625,0.004030714742839336,0.06321842968463898
1.4055,0.04118439182639122,0.0,0.00368941156193614,0.06323906779289246
1.406,0.04118449240922928,0.0006103515625,0.004295062739402056,0.06364089250564575
1.4065,0.04118436202406883,0.00030517578125,0.004250068683177233,0.06329454481601715
1.407,0.04118450731039047,0.00030517578125,0.003918514121323824,0.06372621655464172
1.4075,0.04118448868393898,0.0006103515625,0.004165919031947851,0.062213234603405
1.408,0.041184548288583755,0.00091552734375,0.004311779979616404,0.06325601041316986
1.4085,0.04118446260690689,0.0006103515625,0.0038869150448590517,0.06299389153718948
1.409,0.041184280067682266,0.0,0.004246413242071867,0.06327787786722183
1.4095,0.041184764355421066,0.0006103515625,0.004405460320413113,0.06396162509918213
1.41,0.041184280067682266,0.0006103515625,0.004153045825660229,0.06397988647222519
1.4105,0.04118449240922928,0.0006103515625,0.00416402705013752,0.06386031955480576
1.411,0.041184622794389725,0.001220703125,0.004133530892431736,0.06347882002592087
1.4115,0.04118455573916435,0.00030517578125,0.003909986931830645,0.06459015607833862
1.412,0.04118428751826286,0.00030517578125,0.004181426949799061,0.06405135989189148
1.4125,0.04118441417813301,0.00030517578125,0.003852431196719408,0.06354039907455444
1.413,0.04118436202406883,0.0006103515625,0.004052403382956982,0.06323086470365524
1.4135,0.0411844402551651,0.0,0.004138997755944729,0.06279782950878143
1.414,0.04118431359529495,0.0006103515625,0.004377608187496662,0.0627540796995163
1.4145,0.041184499859809875,0.0,0.004251335747539997,0.0633537545800209
1.415,0.041184116154909134,0.0006103515625,0.004118191543966532,0.06372373551130295
1.4155,0.04118434712290764,0.0006103515625,0.004128048196434975,0.06344142556190491
1.416,0.04118455946445465,0.0006103515625,0.004281795118004084,0.06326477229595184
1.4165,0.041184473782777786,0.0006103515625,0.004430860280990601,0.0635046511888504
1.417,0.041184376925230026,0.00030517578125,0.004254650790244341,0.06317548453807831
1.4175,0.04118414223194122,0.00091552734375,0.004609004594385624,0.06253410875797272
1.418,0.0411846898496151,0.0006103515625,0.004279728513211012,0.06394688785076141
1.4185,0.0411841906607151,-0.00030517578125,0.004083076026290655,0.06320106238126755
1.419,0.04118445888161659,0.0006103515625,0.004080539103597403,0.06264638900756836
1.4195,0.04118466004729271,0.00030517578125,0.003976538777351379,0.06297467648983002
1.42,0.041184186935424805,0.0006103515625,0.004327642731368542,0.0620768703520298
1.4205,0.041184429079294205,0.0006103515625,0.004033248871564865,0.0630502924323082
1.421,0.041184186935424805,0.0,0.004156659357249737,0.06261111050844193
1.4215,0.04118425399065018,0.00030517578125,0.004272744990885258,0.06330657750368118
1.422,0.04118410125374794,0.0006103515625,0.004095810931175947,0.06316427886486053
1.4225,0.041184280067682266,0.0006103515625,0.0044263373129069805,0.06318382173776627
1.423,0.04118466004729271,0.00152587890625,0.0037641962990164757,0.06410954892635345
1.4235,0.04118422791361809,0.00091552734375,0.0042945947498083115,0.06325683742761612
1.424,0.04118458181619644,0.0006103515625,0.004152182023972273,0.06386678665876389
1.4245,0.04118432104587555,0.0006103515625,0.004242671187967062,0.06326509267091751
1.425,0.04118448123335838,0.00091552734375,0.004511910490691662,0.06403139233589172
1.4255,0.041184201836586,0.0006103515625,0.004184643737971783,0.0628259927034378
1.426,0.04118438437581062,0.00030517578125,0.004470457788556814,0.06263551115989685
1.4265,0.04118441790342331,0.00030517578125,0.004100172780454159,0.06347622722387314
1.427,0.041183993220329285,0.0006103515625,0.004181979224085808,0.06321109086275101
1.4275,0.041184451431035995,0.00030517578125,0.004141693003475666,0.06327161937952042
1.428,0.04118454456329346,0.0006103515625,0.004014156758785248,0.06341012567281723
1.4285,0.0411844365298748,0.0006103515625,0.0045263017527759075,0.06411601603031158
1.429,0.041184522211551666,0.00030517578125,0.004274019971489906,0.06322301179170609
1.4295,0.041184235364198685,0.0006103515625,0.0042979419231414795,0.06339011341333389
1.43,0.0411844439804554,0.0,0.003974073566496372,0.06413733214139938
1.4305,0.04118428751826286,0.00030517578125,0.004078809171915054,0.06264222413301468
1.431,0.0411844402551651,0.0,0.003929832950234413,0.06316906213760376
1.4315,0.04118447005748749,0.0006103515625,0.004268187563866377,0.06350108236074448
1.432,0.041184090077877045,0.0006103515625,0.0038001660723239183,0.06346163153648376
1.4325,0.04118451848626137,0.00030517578125,0.003915573935955763,0.0640825629234314
1.433,0.04118422418832779,0.00030517578125,0.0042467243038117886,0.06255275756120682
1.4335,0.04118414595723152,0.00030517578125,0.003913254011422396,0.06384499371051788
1.434,0.04118441790342331,0.00030517578125,0.003873176174238324,0.0634123757481575
1.4345,0.04118451476097107,0.00030517578125,0.0038915425539016724,0.06430203467607498
1.435,0.04118435084819794,0.00030517578125,0.004263774026185274,0.06404376029968262
1.4355,0.04118424281477928,0.0006103515625,0.0041135395877063274,0.06369283050298691
1.436,0.0411844402551651,0.0006103515625,0.004104736726731062,0.06462761759757996
1.4365,0.04118417203426361,0.00030517578125,0.004320769105106592,0.06350737810134888
1.437,0.04118428751826286,0.00091552734375,0.0038357339799404144,0.06348066031932831
1.4375,0.041184477508068085,0.00030517578125,0.0036547265481203794,0.06299906969070435
1.438,0.04118414595723152,0.00030517578125,0.004202956333756447,0.06294724345207214
1.4385,0.04118436202406883,0.0,0.003678691340610385,0.0634104311466217
1.439,0.041184306144714355,0.0006103515625,0.004136071074754,0.06282689422369003
1.4395,0.041184328496456146,0.0006103515625,0.00419993232935667,0.06388197839260101
1.44,0.041184596717357635,0.00030517578125,0.0038648894988000393,0.06351359933614731
1.4405,0.04118410125374794,0.00030517578125,0.004256388172507286,0.0632159411907196
1.441,0.04118441790342331,0.00030517578125,0.003837661352008581,0.06285560876131058
1.4415,0.041184280067682266,0.0006103515625,0.004054081626236439,0.06354397535324097
1.442,0.041184406727552414,0.0,0.0038454083260148764,0.063355952501297
1.4425,0.04118473827838898,0.001220703125,0.00394037738442421,0.0632261261343956
1.443,0.04118424281477928,0.001220703125,0.00454475823789835,0.06401050835847855
1.4435,0.04118458181619644,0.0006103515625,0.0037411032244563103,0.06333908438682556
1.444,0.04118425399065018,0.00030517578125,0.004108542576432228,0.06291460245847702
1.4445,0.04118458181619644,0.0006103515625,0.004399527795612812,0.0634671077132225
1.445,0.041184455156326294,0.0006103515625,0.0038750346284359694,0.06333331018686295
1.4455,0.04118441417813301,0.00091552734375,0.004374377429485321,0.06353331357240677
1.446,0.04118473455309868,0.00030517578125,0.004095434211194515,0.06453303247690201
1.4465,0.04118402674794197,0.00091552734375,0.0040669976733624935,0.06299732625484467
1.447,0.041184358298778534,0.00030517578125,0.0036830396857112646,0.06332804262638092
1.4475,0.04118429496884346,0.0,0.004303638823330402,0.06331995129585266
1.448,0.0411844365298748,0.0,0.004582831170409918,0.06459400802850723
1.4485,0.041184235364198685,0.00030517578125,0.003915041219443083,0.06356483697891235
1.449,0.04118438810110092,0.00030517578125,0.00458656856790185,0.06353483349084854
1.4495,0.0411844439804554,0.0006103515625,0.0042834170162677765,0.06382845342159271
1.45,0.04118393734097481,0.00091552734375,0.004544502589851618,0.06258811801671982
1.4505,0.04118448868393898,0.0006103515625,0.004111766815185547,0.06357049942016602
1.451,0.041184134781360626,0.00030517578125,0.004092221148312092,0.06312351673841476
1.4515,0.04118441790342331,0.00091552734375,0.004181652795523405,0.06381164491176605
1.452,0.04118449240922928,0.00030517578125,0.00409098993986845,0.06413616985082626
1.4525,0.04118422046303749,0.00091552734375,0.00423970352858305,0.06336100399494171
1.453,0.04118449240922928,0.0006103515625,0.004224083852022886,0.06303093582391739
1.4535,0.041184306144714355,0.0006103515625,0.00425379816442728,0.0617704838514328
1.454,0.04118441417813301,0.00091552734375,0.004179058130830526,0.06364959478378296
1.4545,0.041184522211551666,0.0006103515625,0.004469463136047125,0.06450652331113815
1.455,0.041184358298778534,0.00030517578125,0.004141173325479031,0.06377803534269333
1.4555,0.0411844477057457,0.00030517578125,0.004222624935209751,0.06418920308351517
1.456,0.04118458181619644,0.0,0.004212943837046623,0.06318263709545135
1.4565,0.041184328496456146,0.0006103515625,0.004029829986393452,0.0640173926949501
1.457,0.04118456691503525,0.00030517578125,0.0044290428049862385,0.06352727860212326
1.4575,0.04118434339761734,0.00030517578125,0.004176652058959007,0.06429718434810638
1.458,0.0411846823990345,0.00091552734375,0.004389600362628698,0.0634983479976654
1.4585,0.04118432104587555,0.0006103515625,0.004303832538425922,0.06276436150074005
1.459,0.04118463397026062,0.00030517578125,0.004040414001792669,0.06327535957098007
1.4595,0.04118452966213226,0.0,0.004376235883682966,0.06278883665800095
1.46,0.041184309870004654,0.00091552734375,0.004061157815158367,0.06355373561382294
1.4605,0.04118470102548599,0.0006103515625,0.004349561873823404,0.06378623843193054
1.461,0.041184309870004654,0.0006103515625,0.004027585964649916,0.0629969984292984
1.4615,0.041184328496456146,0.00030517578125,0.004243459086865187,0.06360794603824615
1.462,0.04118397831916809,0.00091552734375,0.003959461115300655,0.06214607506990433
1.4625,0.04118466377258301,0.0006103515625,0.004508527927100658,0.06345541030168533
1.463,0.04118451848626137,0.0006103515625,0.004230926278978586,0.0633234903216362
1.4635,0.04118438437581062,0.00030517578125,0.004020991735160351,0.06359198689460754
1.464,0.041184574365615845,0.00091552734375,0.00412261625751853,0.06336469203233719
1.4645,0.04118417575955391,0.0006103515625,0.0044837770983576775,0.06314563751220703
1.465,0.04118422418832779,0.00030517578125,0.004402333404868841,0.06283678859472275
1.4655,0.0411844439804554,0.0006103515625,0.003972679376602173,0.06303328275680542
1.466,0.0411841943860054,0.00091552734375,0.004168644547462463,0.06450191885232925
1.4665,0.04118441790342331,0.00030517578125,0.0036612125113606453,0.06360995024442673
1.467,0.04118449613451958,0.00030517578125,0.004194637760519981,0.06335874646902084
1.4675,0.041184503585100174,0.0006103515625,0.004264098592102528,0.06373333930969238
1.468,0.041184477508068085,0.00030517578125,0.00437257532030344,0.06304860860109329
1.4685,0.04118429869413376,0.00030517578125,0.0043810890056192875,0.06314263492822647
1.469,0.041184913367033005,0.0006103515625,0.004230600316077471,0.06415510177612305
1.4695,0.04118439182639122,0.001220703125,0.003925679717212915,0.06377200782299042
1.47,0.041184477508068085,0.00030517578125,0.004304362460970879,0.06421354413032532
1.4705,0.041184451431035995,0.0006103515625,0.00409372802823782,0.06354410946369171
1.471,0.0411844439804554,0.0006103515625,0.004090477246791124,0.06331773847341537
1.4715,0.04118433594703674,0.0006103515625,0.0038309507071971893,0.0627504363656044
1.472,0.041184138506650925,0.00152587890625,0.004477381240576506,0.06268002092838287
1.4725,0.04118438437581062,0.0006103515625,0.004464324098080397,0.0647299662232399
1.473,0.041184067726135254,0.0006103515625,0.003938670270144939,0.0634487196803093
1.4735,0.041184473782777786,0.0,0.0037262532860040665,0.06291037052869797
1.474,0.04118460789322853,0.0006103515625,0.0042831930331885815,0.06350842118263245
1.4745,0.041184622794389725,0.0,0.004257187247276306,0.06306186318397522
1.475,0.04118449240922928,0.0006103515625,0.003988696727901697,0.06426380574703217
1.4755,0.041184376925230026,0.00091552734375,0.004328085109591484,0.06301064789295197
1.476,0.04118436202406883,0.0006103515625,0.004158021882176399,0.06358843296766281
1.4765,0.04118422418832779,0.00030517578125,0.004187820013612509,0.06376702338457108
1.477,0.0411839634180069,0.00030517578125,0.004229096230119467,0.06302938610315323
1.4775,0.04118451476097107,0.00030517578125,0.0042014578357338905,0.06353798508644104
1.478,0.041184328496456146,0.0006103515625,0.003984199371188879,0.06308022141456604
1.4785,0.04118438437581062,0.0006103515625,0.004350452683866024,0.06411155313253403
1.479,0.04118434712290764,0.0006103515625,0.004282428417354822,0.06310075521469116
1.4795,0.04118426516652107,0.0,0.00397111289203167,0.06303386390209198
1.48,0.041184376925230026,0.0006103515625,0.004310349468141794,0.06319029629230499
1.4805,0.04118453711271286,0.00030517578125,0.004001634661108255,0.06261414289474487
1.481,0.041184715926647186,0.00030517578125,0.004024036694318056,0.06373803317546844
1.4815,0.04118431732058525,0.00091552734375,0.0035147054586559534,0.06326460093259811
1.482,0.04118451476097107,0.00030517578125,0.003946974407881498,0.06375405937433243
1.4825,0.04118441045284271,0.0006103515625,0.0042809853330254555,0.06364335119724274
1.483,0.041184183210134506,0.00030517578125,0.004030735697597265,0.0636773630976677
1.4835,0.041184358298778534,0.0006103515625,0.004497055895626545,0.06337279081344604
1.484,0.04118446260690689,0.00030517578125,0.0037968363612890244,0.0637093186378479
1.4845,0.041184525936841965,0.0006103515625,0.004179644864052534,0.06453225761651993
1.485,0.04118438810110092,0.0,0.004137685988098383,0.0632300078868866
1.4855,0.04118439555168152,0.00030517578125,0.004386071115732193,0.06260903179645538
1.486,0.0411846898496151,0.0,0.004139359574764967,0.06300066411495209
1.4865,0.041184380650520325,0.00091552734375,0.0037130569107830524,0.06266653537750244
1.487,0.041184425354003906,0.00030517578125,0.0042611220851540565,0.06403910368680954
1.4875,0.041184376925230026,0.0006103515625,0.004215855151414871,0.06357324123382568
1.488,0.04118410497903824,0.0006103515625,0.004374707583338022,0.06288015097379684
1.4885,0.04118439927697182,0.00030517578125,0.004182339645922184,0.06291346997022629
1.489,0.041184134781360626,0.00030517578125,0.004041174426674843,0.06348678469657898
1.4895,0.04118431732058525,0.0006103515625,0.004303822759538889,0.06390802562236786
1.49,0.04118426516652107,0.00030517578125,0.003970153629779816,0.06355923414230347
1.4905,0.04118417575955391,0.0006103515625,0.004067753907293081,0.06406159698963165
1.491,0.041184522211551666,0.00030517578125,0.004297618754208088,0.06406904011964798
1.4915,0.041184112429618835,0.0006103515625,0.004018161445856094,0.06313372403383255
1.492,0.041184838861227036,0.0006103515625,0.004263514652848244,0.06363849341869354
1.4925,0.041184283792972565,0.00030517578125,0.0038487864658236504,0.06372905522584915
1.493,0.041184473782777786,0.001220703125,0.004225224256515503,0.06332321465015411
1.4935,0.04118442162871361,0.0,0.00418101716786623,0.06360114365816116
1.494,0.04118431732058525,0.0,0.003877263283357024,0.06330069154500961
1.4945,0.04118454456329346,0.0006103515625,0.0043594189919531345,0.06383346021175385
1.495,0.041184209287166595,0.0006103515625,0.004048937000334263,0.06273636221885681
1.4955,0.041184622794389725,0.00091552734375,0.004298186860978603,0.06374263018369675
1.496,0.04118441790342331,0.0006103515625,0.003756030462682247,0.06463487446308136
1.4965,0.041184403002262115,0.00030517578125,0.00386979547329247,0.06388840824365616
1.497,0.04118437319993973,0.00030517578125,0.0040498883463442326,0.06390230357646942
1.4975,0.041184041649103165,0.0,0.004243979696184397,0.06305252015590668
1.498,0.041184574365615845,0.00091552734375,0.004181643482297659,0.06338716298341751
1.4985,0.04118436202406883,0.00030517578125,0.004175265785306692,0.062416110187768936
1.499,0.041184570640325546,0.00091552734375,0.004298646468669176,0.06340468674898148
1.4995,0.041184376925230026,0.00091552734375,0.004425517749041319,0.06257306784391403
1.5,0.04118425399065018,0.00030517578125,0.003765098052099347,0.06287822127342224
1.5005000000000002,0.04118463397026062,0.00030517578125,0.004238494206219912,0.06360640376806259
1.501,0.04118464142084122,0.00091552734375,0.00427284324541688,0.06250020861625671
1.5015,0.041184261441230774,0.0006103515625,0.00431713555008173,0.06310604512691498
1.5019999999999998,0.04118456318974495,0.00091552734375,0.003899350529536605,0.06384863704442978
1.5025,0.04118426889181137,0.0006103515625,0.004208524711430073,0.06347904354333878
1.5030000000000001,0.041184376925230026,0.00030517578125,0.0039368364959955215,0.06428597867488861
1.5034999999999998,0.0411846823990345,0.0006103515625,0.0036334674805402756,0.06272774189710617
1.504,0.04118454083800316,0.001220703125,0.004207025282084942,0.06352490186691284
1.5045000000000002,0.0411841906607151,0.0006103515625,0.003926684148609638,0.06267177313566208
1.505,0.04118421673774719,0.00091552734375,0.004108608700335026,0.06328833848237991
1.5055,0.04118456318974495,0.0,0.004516332410275936,0.06406959146261215
1.5059999999999998,0.041184257715940475,0.00091552734375,0.003795919008553028,0.06396249681711197
1.5065,0.04118454456329346,0.0006103515625,0.004056659527122974,0.0634017363190651
1.5070000000000001,0.04118429124355316,0.00030517578125,0.00396028533577919,0.06342615187168121
1.5074999999999998,0.04118438810110092,0.0006103515625,0.004143745172768831,0.06420382857322693
1.508,0.04118451476097107,0.00030517578125,0.0038822803180664778,0.06336328387260437
1.5085000000000002,0.041184358298778534,0.00030517578125,0.0037803284358233213,0.06369434297084808
1.509,0.0411846749484539,0.00030517578125,0.004615262150764465,0.06348514556884766
1.5095,0.04118435084819794,0.0006103515625,0.003941680770367384,0.06280065327882767
1.5099999999999998,0.041184306144714355,0.0006103515625,0.00392937520518899,0.06312879174947739
1.5105,0.04118438437581062,0.00030517578125,0.00411485368385911,0.06317359209060669
1.5110000000000001,0.041184261441230774,0.00030517578125,0.004308727569878101,0.06321333348751068
1.5114999999999998,0.04118432104587555,0.0,0.004159188363701105,0.06276103109121323
1.512,0.04118448868393898,0.0006103515625,0.004079259466379881,0.06349525600671768
1.5125000000000002,0.041184648871421814,0.0006103515625,0.003869023872539401,0.06411482393741608
1.513,0.041184376925230026,0.00091552734375,0.004315920639783144,0.0626080110669136
1.5135,0.0411844439804554,0.00030517578125,0.00421519111841917,0.06306878477334976
1.5139999999999998,0.041184645146131516,0.00030517578125,0.004491661209613085,0.06346837431192398
1.5145,0.041184201836586,0.0006103515625,0.004028380382806063,0.0637076273560524
1.5150000000000001,0.04118463397026062,0.00091552734375,0.004343886859714985,0.0630621463060379
1.5154999999999998,0.04118466377258301,0.00030517578125,0.004410731140524149,0.06319399178028107
1.516,0.04118433594703674,0.00030517578125,0.004277738276869059,0.06306880712509155
1.5165000000000002,0.041184477508068085,0.00030517578125,0.004302872344851494,0.06390860676765442
1.517,0.04118429124355316,0.00030517578125,0.004296479746699333,0.06314064562320709
1.5175,0.0411844402551651,0.0006103515625,0.00440234923735261,0.06388945132493973
1.5179999999999998,0.04118400812149048,-0.00030517578125,0.0038906962145119905,0.0624796599149704
1.5185,0.04118446260690689,0.00030517578125,0.004302333574742079,0.06380525976419449
1.5190000000000001,0.041184201836586,0.0006103515625,0.0038292771205306053,0.0635693296790123
1.5194999999999999,0.04118446633219719,0.0006103515625,0.00446043536067009,0.06315344572067261
1.52,0.04118461534380913,0.00030517578125,0.0042081610299646854,0.063875712454319
1.5205000000000002,0.041184332221746445,0.001220703125,0.00432578893378377,0.06308683007955551
1.521,0.041184570640325546,0.00030517578125,0.0043199374340474606,0.06301349401473999
1.5215,0.041184376925230026,0.0006103515625,0.003909906838089228,0.06314624100923538
1.5219999999999998,0.04118455946445465,0.00091552734375,0.003923690412193537,0.06317747384309769
1.5225,0.04118458926677704,0.0006103515625,0.004023039247840643,0.06367862969636917
1.5230000000000001,0.041184160858392715,0.00030517578125,0.004313446115702391,0.06360581517219543
1.5234999999999999,0.04118441045284271,0.0,0.004248220473527908,0.06386329978704453
1.524,0.04118448868393898,0.0006103515625,0.0037355010863393545,0.06363428384065628
1.5245000000000002,0.04118451848626137,0.0006103515625,0.004314002115279436,0.0634855329990387
1.525,0.04118414968252182,0.00091552734375,0.004065761808305979,0.06312815099954605
1.5255,0.04118437319993973,0.0006103515625,0.003965999465435743,0.06272846460342407
1.5259999999999998,0.04118459299206734,0.00030517578125,0.004139235243201256,0.06368125975131989
1.5265,0.041184596717357635,0.00030517578125,0.0039852396585047245,0.06282956898212433
1.5270000000000001,0.04118462651968002,0.0006103515625,0.003975449129939079,0.06367938220500946
1.5274999999999999,0.04118427634239197,0.00030517578125,0.004502672702074051,0.06297214329242706
1.528,0.04118442162871361,0.0006103515625,0.004009573720395565,0.06346996128559113
1.5285000000000002,0.041184406727552414,0.00030517578125,0.00448145717382431,0.06358672678470612
1.529,0.041184306144714355,0.00030517578125,0.0040054721757769585,0.06341830641031265
1.5295,0.04118441417813301,0.0006103515625,0.003990975208580494,0.06352770328521729
1.5299999999999998,0.04118446260690689,0.0006103515625,0.0037726485170423985,0.06342433393001556
1.5305,0.04118474945425987,0.0,0.004268638789653778,0.06441975384950638
1.5310000000000001,0.041184477508068085,0.00030517578125,0.004064967390149832,0.06317389011383057
1.5314999999999999,0.041184332221746445,0.00091552734375,0.0038398189935833216,0.06306393444538116
1.532,0.04118460789322853,0.00030517578125,0.004074574448168278,0.063633032143116
1.5325000000000002,0.041184525936841965,0.00030517578125,0.004155732225626707,0.06358278542757034
1.533,0.04118461161851883,0.0006103515625,0.003803936531767249,0.06362980604171753
1.5335,0.04118458554148674,0.00030517578125,0.0038994615897536278,0.06323878467082977
1.5339999999999998,0.041184328496456146,0.00030517578125,0.004435914568603039,0.0630858838558197
1.5345,0.041184406727552414,0.0006103515625,0.004157834220677614,0.062373049557209015
1.5350000000000001,0.041184183210134506,0.00030517578125,0.004081894177943468,0.06370887905359268
1.5354999999999999,0.04118479788303375,0.0006103515625,0.004012191668152809,0.06381764262914658
1.536,0.04118417203426361,0.00091552734375,0.003916777670383453,0.06391971558332443
1.5365000000000002,0.041184499859809875,0.0006103515625,0.004288196563720703,0.06411414593458176
1.537,0.041184719651937485,0.00030517578125,0.0043669287115335464,0.06308622658252716
1.5375,0.04118441045284271,0.0006103515625,0.0038110711611807346,0.06326280534267426
1.5379999999999998,0.04118479788303375,0.0006103515625,0.0040885088965296745,0.06423737853765488
1.5385,0.04118442162871361,0.00030517578125,0.004441171884536743,0.06367938220500946
1.5390000000000001,0.041184522211551666,0.00091552734375,0.004418494645506144,0.06398380547761917
1.5394999999999999,0.041184380650520325,0.00030517578125,0.0038860859349370003,0.06318721920251846
1.54,0.04118427634239197,0.0006103515625,0.004198257811367512,0.06344977021217346
1.5405000000000002,0.04118480160832405,0.0006103515625,0.004350913222879171,0.06353890150785446
1.541,0.04118408262729645,0.00030517578125,0.0038911858573555946,0.06252750754356384
1.5415,0.0411844328045845,0.00030517578125,0.004321566317230463,0.06348296254873276
1.5419999999999998,0.04118422046303749,0.0006103515625,0.004414061084389687,0.06415753066539764
1.5425,0.04118427634239197,0.0006103515625,0.00431997561827302,0.0629720538854599
1.5430000000000001,0.0411844439804554,0.00030517578125,0.004268100950866938,0.06384681910276413
1.5434999999999999,0.04118432477116585,0.00030517578125,0.003891852917149663,0.06346876919269562
1.544,0.04118488356471062,0.0006103515625,0.004683081991970539,0.06396074593067169
1.5445000000000002,0.04118439182639122,0.00030517578125,0.00408196123316884,0.06368925422430038
1.545,0.041184667497873306,0.0,0.004546382464468479,0.0639759972691536
1.5455,0.04118450731039047,0.00091552734375,0.00402426440268755,0.06282730400562286
1.5459999999999998,0.04118426516652107,0.00091552734375,0.004355099983513355,0.06270948052406311
1.5465,0.04118474945425987,0.00091552734375,0.004132718313485384,0.06432725489139557
1.5470000000000002,0.04118441790342331,0.00091552734375,0.00404184777289629,0.06344284862279892
1.5474999999999999,0.04118461534380913,0.00030517578125,0.004328073933720589,0.06436887383460999
1.548,0.04118441790342331,0.0006103515625,0.0038796730805188417,0.0642034187912941
1.5485000000000002,0.041184477508068085,0.0006103515625,0.004280158318579197,0.06382468342781067
1.549,0.04118446260690689,0.0006103515625,0.0042545851320028305,0.0639568567276001
1.5495,0.041184719651937485,0.0006103515625,0.004270530771464109,0.06326151639223099
1.5499999999999998,0.041184525936841965,-0.00030517578125,0.004237704910337925,0.06359254568815231
1.5505,0.04118435084819794,0.0006103515625,0.00437023863196373,0.06331436336040497
1.5510000000000002,0.0411844328045845,-0.00030517578125,0.004367849789559841,0.06429005414247513
1.5514999999999999,0.04118446260690689,0.00030517578125,0.004095145035535097,0.0634382963180542
1.552,0.04118439555168152,0.00091552734375,0.004041997250169516,0.0635729432106018
1.5525000000000002,0.04118458926677704,0.00030517578125,0.004140899516642094,0.06395135074853897
1.553,0.04118427634239197,0.00091552734375,0.004259257577359676,0.06319873780012131
1.5535,0.04118433967232704,0.00091552734375,0.004245154559612274,0.0640876293182373
1.5539999999999998,0.04118445888161659,0.0006103515625,0.004199298098683357,0.06331231445074081
1.5545,0.041184209287166595,0.00030517578125,0.004091248381882906,0.0636281743645668
1.5550000000000002,0.04118475317955017,0.0006103515625,0.004313210491091013,0.06402812153100967
1.5554999999999999,0.04118436574935913,0.0,0.004180637188255787,0.06328634172677994
1.556,0.04118446260690689,0.00091552734375,0.0039025137666612864,0.06321091204881668
1.5565000000000002,0.04118449613451958,0.00091552734375,0.004572113044559956,0.06359688937664032
1.557,0.041184622794389725,0.00030517578125,0.004666860681027174,0.0634109228849411
1.5575,0.04118460789322853,0.00091552734375,0.004344393499195576,0.063748300075531
1.5579999999999998,0.04118441790342331,0.0006103515625,0.004277622792869806,0.06353402882814407
1.5585,0.041184406727552414,0.0006103515625,0.0044625187292695045,0.06364266574382782
1.5590000000000002,0.041184522211551666,0.00030517578125,0.00435800151899457,0.06336700916290283
1.5594999999999999,0.04118425026535988,0.0006103515625,0.004531144164502621,0.06333058327436447
1.56,0.04118446260690689,0.0006103515625,0.004429781809449196,0.06399493664503098
1.5605000000000002,0.041184183210134506,0.00030517578125,0.0044043054804205894,0.06392234563827515
1.561,0.041184354573488235,0.0,0.004143974743783474,0.06341978907585144
1.5615,0.04118448123335838,-0.00030517578125,0.004526590462774038,0.06332802772521973
1.5619999999999998,0.041184499859809875,0.0006103515625,0.0044013760052621365,0.06361900269985199
1.5625,0.04118456318974495,0.00030517578125,0.004032938741147518,0.06418253481388092
1.5630000000000002,0.041184138506650925,0.0006103515625,0.0045849899761378765,0.06407009810209274
1.5635,0.04118463769555092,0.0006103515625,0.0045469957403838634,0.064264215528965
1.564,0.041184231638908386,0.0006103515625,0.0044985078275203705,0.06285076588392258
1.5644999999999998,0.041184283792972565,0.0006103515625,0.004106136504560709,0.06338392943143845
1.565,0.04118458926677704,0.00091552734375,0.004547339864075184,0.06435106694698334
1.5655000000000001,0.04118451476097107,0.00030517578125,0.004404573235660791,0.0635017603635788
1.5659999999999998,0.04118459299206734,0.0006103515625,0.004183609038591385,0.06376682221889496
1.5665,0.041184328496456146,0.0,0.003998569678515196,0.06310555338859558
1.5670000000000002,0.04118482396006584,0.0006103515625,0.0042701177299022675,0.06339221447706223
1.5675,0.04118432477116585,0.00030517578125,0.004362530540674925,0.06358948349952698
1.568,0.04118439555168152,0.0006103515625,0.004305782727897167,0.06363949924707413
1.5684999999999998,0.04118463769555092,0.0006103515625,0.004224584437906742,0.06412222236394882
1.569,0.04118415713310242,0.0006103515625,0.003944919444620609,0.06372098624706268
1.5695000000000001,0.041184451431035995,0.00030517578125,0.004465971142053604,0.06342324614524841
1.5699999999999998,0.041184283792972565,0.00030517578125,0.004204043187201023,0.06314375251531601
1.5705,0.041184552013874054,0.0006103515625,0.0038848775438964367,0.06313009560108185
1.5710000000000002,0.041184376925230026,0.0006103515625,0.004236647859215736,0.06343064457178116
1.5715,0.041184574365615845,0.0006103515625,0.0048064133152365685,0.06312856823205948
1.572,0.041184574365615845,0.00091552734375,0.004210514482110739,0.06438198685646057
1.5724999999999998,0.04118441790342331,0.00030517578125,0.004186531063169241,0.06281071901321411
1.573,0.04118445888161659,0.0006103515625,0.004514661617577076,0.06244387477636337
1.5735000000000001,0.04118417575955391,0.00091552734375,0.004587392322719097,0.06341829150915146
1.5739999999999998,0.04118423908948898,0.00091552734375,0.004099887330085039,0.06283098459243774
1.5745,0.04118451476097107,0.0,0.004348546266555786,0.06374015659093857
1.5750000000000002,0.041184522211551666,0.0,0.004532069433480501,0.06360875815153122
1.5755,0.041184261441230774,0.00030517578125,0.0042649307288229465,0.064391128718853
1.576,0.04118455946445465,0.0,0.00427054101601243,0.06389971822500229
1.5764999999999998,0.041184671223163605,0.00030517578125,0.004123514052480459,0.06372146308422089
1.577,0.04118466377258301,0.0006103515625,0.004319974686950445,0.06329838931560516
1.5775000000000001,0.04118427634239197,0.0006103515625,0.0044449614360928535,0.06296912580728531
1.5779999999999998,0.041184328496456146,0.00030517578125,0.004432731308043003,0.06371574103832245
1.5785,0.04118436947464943,0.0,0.004418166354298592,0.06291430443525314
1.5790000000000002,0.04118457809090614,0.0,0.004282490350306034,0.06314696371555328
1.5795,0.041184719651937485,0.00030517578125,0.004513496533036232,0.06281160563230515
1.58,0.04118429496884346,0.00091552734375,0.004176102112978697,0.0628327876329422
1.5804999999999998,0.04118436202406883,0.00030517578125,0.004586051683872938,0.063692606985569
1.581,0.041183941066265106,0.0,0.0037995718885213137,0.06279764324426651
1.5815000000000001,0.04118445888161659,0.00030517578125,0.004564724396914244,0.06334798038005829
1.5819999999999999,0.041184429079294205,0.0006103515625,0.004300192464143038,0.06298887729644775
1.5825,0.041184376925230026,0.0006103515625,0.004160206764936447,0.06268969178199768
1.5830000000000002,0.04118441417813301,0.0006103515625,0.004449356812983751,0.06421799957752228
1.5835,0.041184403002262115,0.0,0.0039024483412504196,0.06361368298530579
1.584,0.04118426516652107,0.00030517578125,0.004523024894297123,0.06245201453566551
1.5844999999999998,0.041184328496456146,0.00030517578125,0.004022243898361921,0.06326136738061905
1.585,0.04118456318974495,0.0006103515625,0.004145264159888029,0.06385297328233719
1.5855000000000001,0.04118453711271286,0.0006103515625,0.004194161854684353,0.06277050822973251
1.5859999999999999,0.0411842055618763,0.001220703125,0.004451757296919823,0.06292614340782166
1.5865,0.04118423908948898,0.0,0.0044209775514900684,0.06351186335086823
1.5870000000000002,0.04118451848626137,0.0006103515625,0.004534217994660139,0.06361865997314453
1.5875,0.041184358298778534,0.0006103515625,0.003784256987273693,0.0636925920844078
1.588,0.04118450731039047,0.00091552734375,0.0039839609526097775,0.06483179330825806
1.5884999999999998,0.0411841981112957,0.00091552734375,0.004337710328400135,0.06334887444972992
1.589,0.04118460789322853,0.0006103515625,0.004304136615246534,0.06411083787679672
1.5895000000000001,0.04118422791361809,0.0006103515625,0.004401256795972586,0.06305842101573944
1.5899999999999999,0.041184477508068085,0.0,0.00424310052767396,0.06431268900632858
1.5905,0.04118422046303749,0.0006103515625,0.003868201980367303,0.0633666068315506
1.5910000000000002,0.04118430241942406,0.0006103515625,0.0039723278023302555,0.06343892961740494
1.5915,0.04118460416793823,0.00091552734375,0.004261127673089504,0.06426603347063065
1.592,0.04118437319993973,0.0006103515625,0.004489968065172434,0.06336425989866257
1.5924999999999998,0.04118466004729271,0.0006103515625,0.004382507409900427,0.06457787752151489
1.593,0.041184261441230774,0.00030517578125,0.004066514316946268,0.0633971244096756
1.5935000000000001,0.04118453338742256,0.00091552734375,0.004516893066465855,0.06355102360248566
1.5939999999999999,0.04118449613451958,0.00030517578125,0.004046206828206778,0.06298800557851791
1.5945,0.0411844328045845,0.00091552734375,0.0042064073495566845,0.06331750750541687
1.5950000000000002,0.04118477180600166,0.00030517578125,0.004567045718431473,0.06342720985412598
1.5955,0.0411846898496151,0.00091552734375,0.004202710930258036,0.06298382580280304
1.596,0.04118451476097107,0.0,0.004337141755968332,0.06383292376995087
1.5964999999999998,0.04118457809090614,0.00091552734375,0.0044489698484539986,0.06366200000047684
1.597,0.04118441790342331,0.00091552734375,0.0043271686881780624,0.06369580328464508
1.5975000000000001,0.04118470102548599,0.0006103515625,0.004095235839486122,0.06351610273122787
1.5979999999999999,0.04118447005748749,0.0,0.0046333204954862595,0.06301499903202057
1.5985,0.04118459299206734,0.0,0.0042629302479326725,0.06403229385614395
1.5990000000000002,0.04118446260690689,0.0006103515625,0.0038469801656901836,0.06371153146028519
1.5995,0.041184328496456146,-0.00030517578125,0.004066093824803829,0.06467484682798386
1.6,0.04118458926677704,0.0006103515625,0.00435680104419589,0.06412983685731888
1.6004999999999998,0.04118431359529495,0.00030517578125,0.004128520376980305,0.06312984973192215
1.601,0.04118455573916435,0.0006103515625,0.004099190700799227,0.06338899582624435
1.6015000000000001,0.041184403002262115,0.0006103515625,0.0041781580075621605,0.06334107369184494
1.6019999999999999,0.04118439927697182,0.00030517578125,0.0039180973544716835,0.06397011876106262
1.6025,0.04118461534380913,0.0,0.004114428535103798,0.0637238547205925
1.6030000000000002,0.041184257715940475,0.00091552734375,0.004395660478621721,0.06369713693857193
1.6035,0.04118441790342331,0.00030517578125,0.004400525242090225,0.06313281506299973
1.604,0.041184231638908386,0.00030517578125,0.004068990703672171,0.06260142475366592
1.6044999999999998,0.041184477508068085,0.0,0.004562280140817165,0.06393422931432724
1.605,0.04118448868393898,0.0006103515625,0.004223423078656197,0.0640978142619133
1.6055000000000001,0.04118425399065018,0.00030517578125,0.004241135902702808,0.06321252882480621
1.6059999999999999,0.041184473782777786,0.00030517578125,0.00424610311165452,0.0632341280579567
1.6065,0.04118447005748749,0.0006103515625,0.0041320049203932285,0.06289637833833694
1.6070000000000002,0.04118466377258301,0.00030517578125,0.004111261572688818,0.0632331445813179
1.6075,0.04118463397026062,0.0006103515625,0.004080457147210836,0.06382329761981964
1.608,0.04118450731039047,0.00030517578125,0.004414588212966919,0.06422612071037292
1.6084999999999998,0.0411846749484539,0.00030517578125,0.004004083573818207,0.06402884423732758
1.609,0.041184209287166595,0.00030517578125,0.0042004892602562904,0.06303896754980087
1.6095000000000002,0.04118458926677704,0.0006103515625,0.004071231931447983,0.06346211582422256
1.6099999999999999,0.041184648871421814,0.0006103515625,0.004067561123520136,0.06318947672843933
1.6105,0.041184429079294205,0.0006103515625,0.004334042780101299,0.06427130848169327
1.6110000000000002,0.04118480160832405,0.0006103515625,0.003933437634259462,0.06543894857168198
1.6115,0.041184473782777786,0.0006103515625,0.0044687166810035706,0.06424685567617416
1.612,0.04118445888161659,0.00030517578125,0.0041241212747991085,0.06420016288757324
1.6124999999999998,0.04118438437581062,0.0006103515625,0.004090062342584133,0.06353446841239929
1.613,0.04118473082780838,0.00030517578125,0.004333094693720341,0.06316006183624268
1.6135000000000002,0.04118463024497032,0.0006103515625,0.004138403106480837,0.06399848312139511
1.6139999999999999,0.041184283792972565,0.00030517578125,0.0035596510861068964,0.0633520558476448
1.6145,0.04118449613451958,0.00091552734375,0.004266401287168264,0.06419193744659424
1.6150000000000002,0.041184213012456894,0.00091552734375,0.004268773831427097,0.06286484748125076
1.6155,0.04118451848626137,0.0,0.004765304271131754,0.06381376087665558
1.616,0.04118448868393898,0.00030517578125,0.00421947194263339,0.0631539523601532
1.6164999999999998,0.041184425354003906,0.0006103515625,0.00406565610319376,0.06384356319904327
1.617,0.04118448123335838,0.0006103515625,0.003960244357585907,0.06385236233472824
1.6175000000000002,0.04118457809090614,0.0006103515625,0.004252398386597633,0.06333919614553452
1.6179999999999999,0.041184816509485245,0.00030517578125,0.004398281220346689,0.06375926733016968
1.6185,0.04118439182639122,0.00091552734375,0.004150164779275656,0.06214383617043495
1.6190000000000002,0.04118449240922928,0.0006103515625,0.004145370330661535,0.06252562254667282
1.6195,0.041184619069099426,0.0,0.004612667486071587,0.06368162482976913
1.62,0.04118438810110092,0.0006103515625,0.00424920255318284,0.063163161277771
1.6204999999999998,0.04118466377258301,0.0006103515625,0.004070653114467859,0.06380441039800644
1.621,0.041184499859809875,0.0006103515625,0.004095197655260563,0.06332165747880936
1.6215000000000002,0.04118449613451958,0.00030517578125,0.0038862351793795824,0.06357704848051071
1.6219999999999999,0.04118414968252182,0.00030517578125,0.004631775431334972,0.06320282071828842
1.6225,0.0411846786737442,0.00030517578125,0.004064569715410471,0.06365785747766495
1.6230000000000002,0.0411844402551651,0.0006103515625,0.004548800643533468,0.06432085484266281
1.6235,0.04118437319993973,0.001220703125,0.004332008305937052,0.06318972259759903
1.624,0.041184552013874054,0.0006103515625,0.004057050216943026,0.06342841684818268
1.6244999999999998,0.041184596717357635,-0.00030517578125,0.004334447905421257,0.06302199512720108
1.625,0.041184183210134506,0.0006103515625,0.0042770602740347385,0.0636536106467247
1.6255000000000002,0.04118458554148674,0.0006103515625,0.003940450493246317,0.06360524147748947
1.626,0.04118445888161659,0.0006103515625,0.004390318412333727,0.0633440613746643
1.6265,0.04118408262729645,0.00030517578125,0.004577270708978176,0.06402979046106339
1.6269999999999998,0.041184201836586,0.0006103515625,0.003607602557167411,0.0634332224726677
1.6275,0.04118436574935913,0.00030517578125,0.003649352118372917,0.06346003711223602
1.6280000000000001,0.04118482396006584,0.00091552734375,0.0041165342554450035,0.06350505352020264
1.6284999999999998,0.04118458554148674,0.00091552734375,0.004232943989336491,0.06304402649402618
1.629,0.04118464142084122,0.00091552734375,0.00403952831402421,0.06417914479970932
1.6295000000000002,0.0411844328045845,0.0006103515625,0.004417238291352987,0.06377311050891876
1.63,0.04118435084819794,0.0006103515625,0.004692091606557369,0.06336048990488052
1.6305,0.04118461534380913,0.00030517578125,0.004024687688797712,0.0627267137169838
1.6309999999999998,0.04118449240922928,0.00030517578125,0.004490899853408337,0.06371049582958221
1.6315,0.04118451848626137,0.00091552734375,0.004154356196522713,0.06328579038381577
1.6320000000000001,0.04118436574935913,0.00091552734375,0.003981858491897583,0.06317397207021713
1.6324999999999998,0.04118433967232704,0.0006103515625,0.004458149429410696,0.06403885781764984
1.633,0.041184619069099426,0.00030517578125,0.004395582247525454,0.06353828310966492
1.6335000000000002,0.04118433967232704,0.0006103515625,0.00431238766759634,0.06336652487516403
1.634,0.041184715926647186,0.00030517578125,0.004101474303752184,0.06430363655090332
1.6345,0.04118461161851883,0.00030517578125,0.004067455418407917,0.06403148919343948
1.6349999999999998,0.04118470847606659,0.001220703125,0.004025022499263287,0.0642957016825676
1.6355,0.04118433967232704,0.0006103515625,0.0038479783106595278,0.06322045624256134
1.6360000000000001,0.04118451103568077,0.00030517578125,0.0043155658058822155,0.0635519027709961
1.6364999999999998,0.04118449613451958,0.00030517578125,0.004214467480778694,0.06364341825246811
1.637,0.04118424654006958,0.00030517578125,0.0043281614780426025,0.06250246614217758
1.6375000000000002,0.04118438810110092,0.0006103515625,0.004288597963750362,0.06395941227674484
1.638,0.04118439555168152,0.00091552734375,0.004357408732175827,0.0645933598279953
1.6385,0.04118451476097107,0.0006103515625,0.004473947454243898,0.06357920914888382
1.6389999999999998,0.04118448495864868,0.00030517578125,0.004060310777276754,0.06367349624633789
1.6395,0.041184213012456894,0.00030517578125,0.004245247691869736,0.06331685185432434
1.6400000000000001,0.041184812784194946,0.0006103515625,0.004473457112908363,0.0634555071592331
1.6404999999999998,0.04118414223194122,0.00030517578125,0.004386944230645895,0.06238692253828049
1.641,0.041184473782777786,0.0006103515625,0.004727767314761877,0.06339096277952194
1.6415000000000002,0.04118449613451958,0.00091552734375,0.004352567717432976,0.06285981088876724
1.642,0.041184231638908386,0.00030517578125,0.0041517033241689205,0.06253141164779663
1.6425,0.041184600442647934,0.0,0.004264472052454948,0.06371808052062988
1.6429999999999998,0.04118425399065018,0.00030517578125,0.004053989425301552,0.06303327530622482
1.6435,0.04118428751826286,0.00091552734375,0.0038060969673097134,0.06379809975624084
1.6440000000000001,0.041184328496456146,0.0006103515625,0.004329730290919542,0.06329717487096786
1.6444999999999999,0.041184429079294205,0.00030517578125,0.0043088640086352825,0.06387624889612198
1.645,0.0411844328045845,0.0006103515625,0.004100729711353779,0.06335591524839401
1.6455000000000002,0.04118458181619644,0.00030517578125,0.003806709311902523,0.06318924576044083
1.646,0.0411846786737442,0.00091552734375,0.004355752840638161,0.06399097293615341
1.6465,0.04118441790342331,0.0,0.004322492051869631,0.06321880966424942
1.6469999999999998,0.04118433967232704,0.0006103515625,0.003887767670676112,0.06381528079509735
1.6475,0.041184667497873306,0.00030517578125,0.004137813579291105,0.06406103074550629
1.6480000000000001,0.04118426889181137,0.00030517578125,0.004409230779856443,0.06390690058469772
1.6484999999999999,0.04118436202406883,0.00091552734375,0.0045556011609733105,0.06376763433218002
1.649,0.041184067726135254,0.0006103515625,0.004259295761585236,0.06242876127362251
1.6495000000000002,0.041184090077877045,0.0006103515625,0.004344253335148096,0.06307168304920197
1.65,0.04118433594703674,0.00030517578125,0.003997704945504665,0.06336397677659988
1.6505,0.04118435084819794,0.0006103515625,0.0040280502289533615,0.06393823772668839
1.6509999999999998,0.04118466004729271,0.0,0.004448082763701677,0.0638812705874443
1.6515,0.041184257715940475,0.0006103515625,0.004131873603910208,0.06363726407289505
1.6520000000000001,0.041184403002262115,0.00091552734375,0.004099256359040737,0.0639093890786171
1.6524999999999999,0.04118441045284271,0.00091552734375,0.004134654067456722,0.0635005384683609
1.653,0.04118441790342331,0.00091552734375,0.004872844088822603,0.06299612671136856
1.6535000000000002,0.041184552013874054,0.00030517578125,0.003889435902237892,0.06297491490840912
1.654,0.04118400439620018,-0.00030517578125,0.0041707661002874374,0.06330402940511703
1.6545,0.04118470475077629,0.0006103515625,0.004378326237201691,0.0637912005186081
1.6549999999999998,0.041184380650520325,0.00030517578125,0.00389304687269032,0.06327983736991882
1.6555,0.041184283792972565,0.0006103515625,0.004354958422482014,0.0631517693400383
1.6560000000000001,0.04118460789322853,0.00030517578125,0.004438776522874832,0.06330166012048721
1.6564999999999999,0.04118434339761734,0.0,0.0044982582330703735,0.06277690827846527
1.657,0.041184719651937485,0.00030517578125,0.003998239990323782,0.06473519653081894
1.6575000000000002,0.04118421673774719,0.0006103515625,0.004238473251461983,0.06403300166130066
1.658,0.04118451476097107,0.00030517578125,0.004340707790106535,0.06321409344673157
1.6585,0.04118448495864868,0.0006103515625,0.004263950511813164,0.063095323741436
1.6589999999999998,0.04118429496884346,0.0006103515625,0.004226885735988617,0.06298556923866272
1.6595,0.04118461161851883,0.00030517578125,0.004658152814954519,0.06397334486246109
1.6600000000000001,0.04118433594703674,0.0,0.0040600914508104324,0.06338360905647278
1.6604999999999999,0.041184380650520325,0.0006103515625,0.003988832235336304,0.06376496702432632
1.661,0.04118439927697182,0.00091552734375,0.004060063045471907,0.06389226764440536
1.6615000000000002,0.04118434339761734,0.00091552734375,0.004080055747181177,0.06340903043746948
1.662,0.04118450731039047,-0.00030517578125,0.004208552185446024,0.06335084140300751
1.6625,0.041184019297361374,0.0006103515625,0.004049589857459068,0.06282713264226913
1.6629999999999998,0.04118456318974495,0.00030517578125,0.004663557279855013,0.06429731845855713
1.6635,0.04118442162871361,0.0006103515625,0.004131045658141375,0.06304396688938141
1.6640000000000001,0.041184354573488235,0.001220703125,0.0042752837762236595,0.063081294298172
1.6644999999999999,0.04118456318974495,0.0006103515625,0.004387273453176022,0.06276509165763855
1.665,0.04118439182639122,0.00030517578125,0.004300940316170454,0.06227182224392891
1.6655000000000002,0.041184406727552414,0.00030517578125,0.00422828970476985,0.06374093890190125
1.666,0.04118436202406883,0.0006103515625,0.004074612632393837,0.0631360188126564
1.6665,0.04118454083800316,0.00091552734375,0.0043617114424705505,0.06339647620916367
1.6669999999999998,0.041184183210134506,0.0006103515625,0.004067379981279373,0.06283857673406601
1.6675,0.04118456691503525,0.0006103515625,0.004326527938246727,0.06317020952701569
1.6680000000000001,0.04118448495864868,0.0006103515625,0.004291160497814417,0.06454026699066162
1.6684999999999999,0.041184570640325546,-0.00030517578125,0.003840129356831312,0.0628218948841095
1.669,0.041184622794389725,0.00030517578125,0.004095207899808884,0.06382875144481659
1.6695000000000002,0.04118449613451958,0.00091552734375,0.004121128004044294,0.06367675215005875
1.67,0.041184358298778534,0.00030517578125,0.004419233649969101,0.0632135346531868
1.6705,0.041184380650520325,0.0006103515625,0.004294848535209894,0.06340397894382477
1.6709999999999998,0.04118447005748749,0.00091552734375,0.004551488906145096,0.06383538991212845
1.6715,0.04118464142084122,0.00030517578125,0.004139119293540716,0.06423313915729523
1.6720000000000002,0.04118446633219719,0.0006103515625,0.004040746949613094,0.06323757767677307
1.6724999999999999,0.04118432104587555,0.0006103515625,0.004291601944714785,0.06452532857656479
1.673,0.04118451848626137,0.00091552734375,0.004538736306130886,0.06283563375473022
1.6735000000000002,0.04118448868393898,0.0006103515625,0.004137578886002302,0.06294747442007065
1.674,0.041184525936841965,0.0006103515625,0.004168495535850525,0.06379812210798264
1.6745,0.04118441045284271,0.00030517578125,0.004391553346067667,0.06374163925647736
1.6749999999999998,0.04118472337722778,0.0,0.004340970888733864,0.06404697895050049
1.6755,0.041184257715940475,0.0006103515625,0.0037365113385021687,0.06386110186576843
1.6760000000000002,0.04118414968252182,0.0006103515625,0.004435410723090172,0.06334466487169266
1.6764999999999999,0.041184429079294205,0.0006103515625,0.0040382579900324345,0.062428753823041916
1.677,0.04118426889181137,0.0,0.003937333356589079,0.06348217278718948
1.6775000000000002,0.04118454456329346,0.00030517578125,0.004837966989725828,0.06392960250377655
1.678,0.0411844365298748,0.0006103515625,0.0040597375482320786,0.06360607594251633
1.6785,0.041184209287166595,0.00091552734375,0.004275201354175806,0.06343001127243042
1.6789999999999998,0.04118456691503525,0.0006103515625,0.004244249314069748,0.06353826820850372
1.6795,0.041184090077877045,0.00030517578125,0.0044643147848546505,0.06240309402346611
1.6800000000000002,0.041184619069099426,-0.00030517578125,0.0035042702220380306,0.06404048204421997
1.6804999999999999,0.04118457809090614,0.0,0.004350004717707634,0.06341374665498734
1.681,0.04118472337722778,0.00091552734375,0.004339243751019239,0.06348671764135361
1.6815000000000002,0.0411841906607151,0.00030517578125,0.004226323217153549,0.06319216638803482
1.682,0.04118431359529495,0.00091552734375,0.004224665462970734,0.06288163363933563
1.6825,0.0411844328045845,0.0006103515625,0.004148408304899931,0.06340734660625458
1.6829999999999998,0.04118447005748749,0.0006103515625,0.004556527826935053,0.06285297870635986
1.6835,0.041184477508068085,0.00030517578125,0.0038496628403663635,0.06342732161283493
1.6840000000000002,0.04118434712290764,0.00030517578125,0.004131258465349674,0.06471001356840134
1.6844999999999999,0.04118427634239197,0.0006103515625,0.004371966701000929,0.06288854777812958
1.685,0.04118429124355316,0.00030517578125,0.004165964666754007,0.06350443512201309
1.6855000000000002,0.04118400067090988,0.0,0.004322550259530544,0.06266052275896072
1.686,0.04118448495864868,0.0006103515625,0.004606151487678289,0.06373852491378784
1.6865,0.041184134781360626,0.0006103515625,0.0040529584512114525,0.0630628690123558
1.6869999999999998,0.04118461534380913,0.0006103515625,0.004373706877231598,0.0637810081243515
1.6875,0.04118463397026062,0.00030517578125,0.004283440764993429,0.06349083036184311
1.6880000000000002,0.04118429124355316,0.00030517578125,0.004041032399982214,0.06208011135458946
1.6885,0.04118448495864868,0.00030517578125,0.003970413003116846,0.06372983008623123
1.689,0.04118410870432854,0.00030517578125,0.004373394418507814,0.062436677515506744
1.6894999999999998,0.04118445888161659,0.0006103515625,0.004392360337078571,0.06399645656347275
1.69,0.04118422046303749,0.0006103515625,0.003911041654646397,0.06335476785898209
1.6905000000000001,0.04118434712290764,0.0006103515625,0.004444831982254982,0.06420844793319702
1.6909999999999998,0.041184332221746445,0.00091552734375,0.004199597518891096,0.06352610141038895
1.6915,0.04118450731039047,0.0006103515625,0.004086304921656847,0.06319895386695862
1.6920000000000002,0.04118476063013077,0.0,0.004177590366452932,0.06343891471624374
1.6925,0.04118439182639122,0.0006103515625,0.004418288357555866,0.06337927281856537
1.693,0.04118433594703674,0.0006103515625,0.0042991843074560165,0.06285223364830017
1.6934999999999998,0.04118448495864868,0.0,0.0042012217454612255,0.06385700404644012
1.694,0.041184280067682266,0.0,0.004290969111025333,0.0633920207619667
1.6945000000000001,0.0411844477057457,0.00091552734375,0.0040646144188940525,0.06386268138885498
1.6949999999999998,0.041184354573488235,0.0,0.003887721337378025,0.06311890482902527
1.6955,0.04118428751826286,0.00030517578125,0.004339637700468302,0.06392408162355423
1.6960000000000002,0.04118454083800316,0.00091552734375,0.004711299668997526,0.06391120702028275
1.6965,0.04118441417813301,0.0006103515625,0.003923317417502403,0.06367931514978409
1.697,0.041184477508068085,-0.0006103515625,0.004574150312691927,0.06325209885835648
1.6974999999999998,0.041184455156326294,0.0006103515625,0.004710025619715452,0.06288757920265198
1.698,0.04118438810110092,0.00030517578125,0.0037995637394487858,0.06350024044513702
1.6985000000000001,0.04118448123335838,0.001220703125,0.004285678267478943,0.06319264322519302
1.6989999999999998,0.04118415340781212,0.0006103515625,0.0040734861977398396,0.06282931566238403
1.6995,0.04118438810110092,0.0,0.004287941846996546,0.06310048699378967
1.7000000000000002,0.04118426516652107,0.0006103515625,0.004110974259674549,0.06328581273555756
1.7005,0.041184548288583755,0.0,0.004606837872415781,0.06404858082532883
1.701,0.04118451103568077,0.00030517578125,0.004269396886229515,0.06342878937721252
1.7014999999999998,0.04118430241942406,0.0006103515625,0.004074775613844395,0.06294149905443192
1.702,0.04118436947464943,0.00030517578125,0.00397605262696743,0.06344436854124069
1.7025000000000001,0.04118425399065018,0.00030517578125,0.004178743343800306,0.0634450688958168
1.7029999999999998,0.041184816509485245,0.00030517578125,0.0042504300363361835,0.06499660760164261
1.7035,0.041184358298778534,0.0006103515625,0.0040712482295930386,0.06363129615783691
1.7040000000000002,0.04118433594703674,0.0,0.004381012637168169,0.06331918388605118
1.7045,0.0411844328045845,0.00091552734375,0.004080719314515591,0.0635669156908989
1.705,0.041184134781360626,0.0006103515625,0.003948534373193979,0.06310901045799255
1.7054999999999998,0.041184745728969574,0.0006103515625,0.004044846631586552,0.06411410868167877
1.706,0.041184283792972565,0.0006103515625,0.0044950940646231174,0.06346619874238968
1.7065000000000001,0.04118436947464943,0.00030517578125,0.004145758226513863,0.06398627161979675
1.7069999999999999,0.04118460789322853,0.0006103515625,0.0040953923016786575,0.06448794901371002
1.7075,0.04118436947464943,0.00091552734375,0.0039937919937074184,0.06359496712684631
1.7080000000000002,0.04118453338742256,0.0006103515625,0.0042000808753073215,0.06357250362634659
1.7085,0.041184332221746445,0.00091552734375,0.004301006905734539,0.06315410882234573
1.709,0.041184574365615845,0.0006103515625,0.004176715854555368,0.064661905169487
1.7094999999999998,0.0411841906607151,0.00030517578125,0.004394081421196461,0.06332497298717499
1.71,0.041184112429618835,0.00091552734375,0.003827519016340375,0.0635327473282814
1.7105000000000001,0.041184667497873306,0.00091552734375,0.004169529303908348,0.06299623847007751
1.7109999999999999,0.04118417575955391,0.00091552734375,0.004520061891525984,0.06251449137926102
1.7115,0.041184522211551666,0.00030517578125,0.0041137742809951305,0.06372690945863724
1.7120000000000002,0.04118425399065018,0.00091552734375,0.004259181674569845,0.06325627118349075
1.7125,0.04118449240922928,0.0006103515625,0.004341375082731247,0.06403596699237823
1.713,0.04118436947464943,0.0,0.004415545612573624,0.06304663419723511
1.7134999999999998,0.04118433594703674,0.0006103515625,0.004274039063602686,0.06266240775585175
1.714,0.04118452966213226,0.00091552734375,0.00434571597725153,0.06384347379207611
1.7145000000000001,0.04118454456329346,0.0,0.004198844078928232,0.06367528438568115
1.7149999999999999,0.041184648871421814,0.00030517578125,0.004479043651372194,0.06402793526649475
1.7155,0.04118441790342331,0.0006103515625,0.004586869850754738,0.06352553516626358
1.7160000000000002,0.04118450731039047,0.0006103515625,0.004679741337895393,0.06383661925792694
1.7165,0.04118439927697182,0.00030517578125,0.003963666036725044,0.06323441863059998
1.717,0.041184425354003906,0.0006103515625,0.004149803426116705,0.06338483095169067
1.7174999999999998,0.04118441417813301,0.0006103515625,0.0046064117923378944,0.06363696604967117
1.718,0.041184548288583755,0.00091552734375,0.004136498551815748,0.06251184642314911
1.7185000000000001,0.04118407517671585,-0.00030517578125,0.004349010996520519,0.06381180882453918
1.7189999999999999,0.04118453711271286,0.00030517578125,0.0041723186150193214,0.06335094571113586
1.7195,0.041184231638908386,0.00030517578125,0.004432385787367821,0.06343185901641846
1.7200000000000002,0.04118442162871361,0.00091552734375,0.004189383238554001,0.06326846778392792
1.7205,0.041184429079294205,0.00030517578125,0.004030376207083464,0.062489159405231476
1.721,0.041184403002262115,0.0006103515625,0.004209248349070549,0.06362364441156387
1.7214999999999998,0.04118437319993973,0.00030517578125,0.004176392685621977,0.0633683055639267
1.722,0.04118429869413376,0.001220703125,0.00458125676959753,0.06298841536045074
1.7225000000000001,0.0411844439804554,0.00030517578125,0.004454829730093479,0.0628889724612236
1.7229999999999999,0.04118431359529495,0.0006103515625,0.004151661414653063,0.06349191069602966
1.7235,0.04118426516652107,0.0006103515625,0.004136829171329737,0.06323122978210449
1.7240000000000002,0.04118456318974495,0.00030517578125,0.003975778818130493,0.06397075206041336
1.7245,0.04118425399065018,0.0006103515625,0.004388048779219389,0.06293269991874695
1.725,0.04118439182639122,0.0006103515625,0.004297656938433647,0.06294996291399002
1.7254999999999998,0.04118407145142555,0.00091552734375,0.004089980386197567,0.06311331689357758
1.726,0.0411846749484539,0.00030517578125,0.004133137874305248,0.06381980329751968
1.7265000000000001,0.041184160858392715,-0.00030517578125,0.0036909240297973156,0.06279585510492325
1.7269999999999999,0.04118439182639122,0.00030517578125,0.004090642090886831,0.06373301148414612
1.7275,0.04118449613451958,0.0006103515625,0.004124960396438837,0.06455153971910477
1.7280000000000002,0.04118437319993973,0.0006103515625,0.004162870347499847,0.06304698437452316
1.7285,0.041184619069099426,0.0006103515625,0.004123251419514418,0.06370112299919128
1.729,0.04118432104587555,0.00030517578125,0.00423249788582325,0.06316324323415756
1.7294999999999998,0.041184596717357635,0.00030517578125,0.004366761539131403,0.06322033703327179
1.73,0.041184112429618835,0.0,0.004367078188806772,0.06386865675449371
1.7305000000000001,0.041184257715940475,0.0006103515625,0.0042231110855937,0.06362198293209076
1.7309999999999999,0.04118456691503525,0.0006103515625,0.004185546655207872,0.06373456865549088
1.7315,0.04118431732058525,0.0006103515625,0.004086983855813742,0.06297627091407776
1.7320000000000002,0.04118427634239197,0.0006103515625,0.004350182134658098,0.06387944519519806
1.7325,0.04118452966213226,0.0006103515625,0.0045747701078653336,0.06343895196914673
1.733,0.0411846861243248,0.0006103515625,0.004356708377599716,0.0627562403678894
1.7334999999999998,0.04118466377258301,0.00091552734375,0.004292877856642008,0.06412070989608765
1.734,0.041184186935424805,0.0006103515625,0.004292667377740145,0.0627339631319046
1.7345000000000002,0.041184619069099426,0.0,0.004299641121178865,0.06366907060146332
1.7349999999999999,0.04118439927697182,0.00030517578125,0.004092670511454344,0.06299234181642532
1.7355,0.041184231638908386,0.0006103515625,0.004388181492686272,0.06326768547296524
1.7360000000000002,0.041184403002262115,0.00030517578125,0.004331767093390226,0.06286320835351944
1.7365,0.04118433967232704,0.0006103515625,0.004118284210562706,0.06307366490364075
1.737,0.04118441417813301,0.0006103515625,0.004321124870330095,0.0641913190484047
1.7374999999999998,0.041184697300195694,0.0006103515625,0.003858747659251094,0.0635499507188797
1.738,0.041184499859809875,0.00091552734375,0.0039985040202736855,0.0637027695775032
1.7385000000000002,0.04118422418832779,0.00091552734375,0.003976166248321533,0.06317293643951416
1.7389999999999999,0.04118425026535988,0.0006103515625,0.0042648958042263985,0.0624893493950367
1.7395,0.04118446260690689,0.00091552734375,0.004333871882408857,0.0639105960726738
1.7400000000000002,0.041184306144714355,0.0006103515625,0.004219967871904373,0.06315457075834274
1.7405,0.04118437319993973,0.00091552734375,0.0045137167908251286,0.06379289925098419
1.741,0.04118429869413376,0.00030517578125,0.00432000495493412,0.06272662431001663
1.7414999999999998,0.04118439555168152,0.00030517578125,0.004275872837752104,0.06359255313873291
1.742,0.04118456691503525,0.0006103515625,0.004311853554099798,0.06353524327278137
1.7425000000000002,0.04118439182639122,0.00091552734375,0.004455875139683485,0.0629509687423706
1.7429999999999999,0.04118449613451958,0.0,0.004467726685106754,0.06446225196123123
1.7435,0.041184429079294205,0.0006103515625,0.004173970315605402,0.06376738101243973
1.7440000000000002,0.04118446633219719,0.00030517578125,0.004543968942016363,0.06313569843769073
1.7445,0.041184358298778534,0.00030517578125,0.004334446042776108,0.06357080489397049
1.745,0.04118409752845764,0.0006103515625,0.004249779507517815,0.06231493875384331
1.7454999999999998,0.04118433594703674,0.0006103515625,0.0047154501080513,0.062899649143219
1.746,0.04118449613451958,0.00030517578125,0.004069034475833178,0.0630120038986206
1.7465000000000002,0.04118442162871361,0.00030517578125,0.00425373250618577,0.06378916651010513
1.7469999999999999,0.0411844365298748,0.00030517578125,0.004624069202691317,0.06323358416557312
1.7475,0.04118438810110092,0.0006103515625,0.004618128761649132,0.0634106919169426
1.7480000000000002,0.0411846823990345,0.00091552734375,0.004107692278921604,0.06354673206806183
1.7485,0.04118436947464943,0.0006103515625,0.003991059027612209,0.06287188827991486
1.749,0.041184816509485245,0.0006103515625,0.004573090001940727,0.06418075412511826
1.7494999999999998,0.041184693574905396,0.00091552734375,0.004074293188750744,0.06352079659700394
1.75,0.041184403002262115,0.0,0.004261254798620939,0.06396738439798355
1.7505000000000002,0.04118448495864868,0.0006103515625,0.004198651760816574,0.06375841051340103
1.751,0.041184280067682266,0.00030517578125,0.004370484501123428,0.06332337856292725
1.7515,0.041184403002262115,0.00030517578125,0.004601215478032827,0.06382288783788681
1.7519999999999998,0.041184112429618835,0.0006103515625,0.004455181770026684,0.06311803311109543
1.7525,0.04118437319993973,0.0006103515625,0.004718920215964317,0.06463354080915451
1.7530000000000001,0.0411844477057457,0.00030517578125,0.0041655576787889,0.06335099786520004
1.7534999999999998,0.041184328496456146,0.00030517578125,0.004406472202390432,0.06357730180025101
1.754,0.04118446260690689,0.0006103515625,0.00453610997647047,0.06351218372583389
1.7545000000000002,0.04118436947464943,0.001220703125,0.004203516989946365,0.06307663023471832
1.755,0.041184354573488235,0.00030517578125,0.004221197217702866,0.0634751096367836
1.7555,0.041184309870004654,0.00030517578125,0.00449461629614234,0.06307312846183777
1.7559999999999998,0.04118448123335838,0.00030517578125,0.00421974016353488,0.06351974606513977
1.7565,0.04118433967232704,0.0006103515625,0.004131597932428122,0.06319352239370346
1.7570000000000001,0.041184186935424805,0.00030517578125,0.004392665345221758,0.062400512397289276
1.7574999999999998,0.04118439927697182,0.00091552734375,0.004171011503785849,0.0633934810757637
1.758,0.041184261441230774,0.00030517578125,0.003758990904316306,0.06257479637861252
1.7585000000000002,0.041184257715940475,0.0006103515625,0.004158161114901304,0.06367632001638412
1.759,0.04118453338742256,0.00091552734375,0.004332232754677534,0.06332147866487503
1.7595,0.04118425026535988,0.00030517578125,0.004070508759468794,0.06287957727909088
1.7599999999999998,0.0411844365298748,0.001220703125,0.004379278980195522,0.06324253231287003
1.7605,0.04118470102548599,0.0006103515625,0.004277134779840708,0.06274756044149399
1.7610000000000001,0.04118439927697182,0.0,0.004235931672155857,0.062445200979709625
1.7614999999999998,0.041184503585100174,0.0006103515625,0.0045170169323682785,0.06364641338586807
1.762,0.0411842055618763,0.0006103515625,0.004215496592223644,0.06297849118709564
1.7625000000000002,0.04118470102548599,0.00030517578125,0.004113241098821163,0.06355545669794083
1.763,0.04118429124355316,0.00030517578125,0.004499094560742378,0.06397220492362976
1.7635,0.04118470475077629,0.0,0.004150924272835255,0.06396421045064926
1.7639999999999998,0.041184306144714355,0.00030517578125,0.004071044735610485,0.06333335489034653
1.7645,0.041184261441230774,0.0006103515625,0.003951940219849348,0.06328756362199783
1.7650000000000001,0.041184429079294205,0.00030517578125,0.004186342936009169,0.06319962441921234
1.7654999999999998,0.04118431359529495,0.00091552734375,0.004497419111430645,0.06339458376169205
1.766,0.041184596717357635,0.00030517578125,0.004149325657635927,0.06375797092914581
1.7665000000000002,0.041184280067682266,0.00030517578125,0.0040852390229702,0.06278274208307266
1.767,0.04118439182639122,0.0006103515625,0.0043374174274504185,0.06335429847240448
1.7675,0.0411844439804554,0.00030517578125,0.003988782409578562,0.06282397359609604
1.7679999999999998,0.041184201836586,0.0006103515625,0.003923536743968725,0.06360239535570145
1.7685,0.04118432104587555,0.00091552734375,0.004296031780540943,0.06310317665338516
1.7690000000000001,0.041184790432453156,0.00091552734375,0.004322863183915615,0.06387896835803986
1.7694999999999999,0.04118417948484421,0.00091552734375,0.004337766673415899,0.06343645602464676
1.77,0.041184745728969574,0.0006103515625,0.004124233033508062,0.06306818872690201
1.7705000000000002,0.04118416830897331,0.00030517578125,0.004430216271430254,0.06306701898574829
1.771,0.04118463397026062,0.00091552734375,0.004279861226677895,0.06330171972513199
1.7715,0.041184235364198685,0.00030517578125,0.004030514508485794,0.06315501034259796
1.7719999999999998,0.04118463024497032,0.0006103515625,0.0045714410953223705,0.06452806293964386
1.7725,0.041184645146131516,0.0006103515625,0.0041331760585308075,0.06395125389099121
1.7730000000000001,0.04118439555168152,0.00030517578125,0.0040171341970562935,0.06287912279367447
1.7734999999999999,0.04118455946445465,0.00030517578125,0.004573185928165913,0.06321358680725098
1.774,0.04118433967232704,0.0006103515625,0.004214045125991106,0.06316628307104111
1.7745000000000002,0.041184548288583755,0.00091552734375,0.00416486244648695,0.06348755955696106
1.775,0.04118459299206734,0.0006103515625,0.003964315168559551,0.0627872496843338
1.7755,0.041184570640325546,0.00091552734375,0.004325095564126968,0.06307778507471085
1.7759999999999998,0.041184619069099426,0.00030517578125,0.004312909208238125,0.06504039466381073
1.7765,0.04118437319993973,0.00030517578125,0.004039229825139046,0.06313708424568176
1.7770000000000001,0.04118483141064644,0.00030517578125,0.004504028707742691,0.06370742619037628
1.7774999999999999,0.04118426516652107,0.00030517578125,0.003901430871337652,0.06305868178606033
1.778,0.04118433967232704,0.00030517578125,0.004247819073498249,0.06327524036169052
1.7785000000000002,0.041184403002262115,0.0006103515625,0.004124188795685768,0.063094362616539
1.779,0.04118430241942406,0.00030517578125,0.00406173849478364,0.06288518011569977
1.7795,0.04118436202406883,0.0006103515625,0.004338569473475218,0.0639888197183609
1.7799999999999998,0.04118423908948898,0.0006103515625,0.004615196492522955,0.062322601675987244
1.7805,0.041184503585100174,0.0006103515625,0.004327251575887203,0.06322031468153
1.7810000000000001,0.041184306144714355,0.0006103515625,0.004094483330845833,0.06266631186008453
1.7814999999999999,0.041184309870004654,0.0,0.00393861485645175,0.06339450925588608
1.782,0.041184764355421066,0.00030517578125,0.004173828288912773,0.06376422941684723
1.7825000000000002,0.04118424654006958,0.00091552734375,0.004389316309243441,0.06299234926700592
1.783,0.041184406727552414,0.0006103515625,0.0044183554127812386,0.06359515339136124
1.7835,0.041184645146131516,0.00030517578125,0.0043822783045470715,0.06291381269693375
1.7839999999999998,0.04118426889181137,0.00030517578125,0.00418684259057045,0.06266136467456818
1.7845,0.04118448868393898,0.0006103515625,0.004209100268781185,0.06348729878664017
1.7850000000000001,0.041184134781360626,0.00030517578125,0.003954013343900442,0.06279560923576355
1.7854999999999999,0.04118439182639122,0.0006103515625,0.004426217172294855,0.06375869363546371
1.786,0.04118417575955391,0.0,0.0038618245162069798,0.06277332454919815
1.7865000000000002,0.0411846898496151,0.00091552734375,0.0044410801492631435,0.06347309798002243
1.787,0.04118433594703674,0.00030517578125,0.004399898461997509,0.06282465904951096
1.7875,0.04118436574935913,0.00030517578125,0.004066588822752237,0.06392361223697662
1.7879999999999998,0.04118436574935913,0.00030517578125,0.004291957709938288,0.06405285745859146
1.7885,0.041184090077877045,0.0006103515625,0.003916759509593248,0.0631604939699173
1.7890000000000001,0.041184619069099426,0.0006103515625,0.004314358811825514,0.0638548731803894
1.7894999999999999,0.04118439555168152,0.0006103515625,0.004145449493080378,0.06301265954971313
1.79,0.041184309870004654,0.0006103515625,0.0041814870201051235,0.06371535360813141
1.7905000000000002,0.041184525936841965,0.0,0.004221880342811346,0.06395910680294037
1.791,0.04118429124355316,0.0006103515625,0.00434220302850008,0.06316722184419632
1.7915,0.04118432104587555,0.00091552734375,0.004782607778906822,0.06350401788949966
1.7919999999999998,0.041184552013874054,0.0006103515625,0.0038905106484889984,0.06303586810827255
1.7925,0.0411844477057457,0.00091552734375,0.004375630524009466,0.06396223604679108
1.7930000000000001,0.04118446633219719,0.0006103515625,0.00453083636239171,0.06262120604515076
1.7934999999999999,0.04118450731039047,0.0006103515625,0.004251465667039156,0.0633980929851532
1.794,0.0411844402551651,0.00030517578125,0.004231720697134733,0.06408326327800751
1.7945000000000002,0.04118451476097107,0.00030517578125,0.0039303661324083805,0.06346549093723297
1.795,0.04118435084819794,0.00091552734375,0.004114876966923475,0.06295841932296753
1.7955,0.04118452966213226,0.00030517578125,0.003985188435763121,0.06293501704931259
1.7959999999999998,0.04118426889181137,0.0006103515625,0.00395422987639904,0.06332066655158997
1.7965,0.04118458554148674,0.0006103515625,0.004115844611078501,0.06415876746177673
1.7970000000000002,0.04118449613451958,0.0006103515625,0.004439275246113539,0.06380781531333923
1.7974999999999999,0.04118446633219719,0.0,0.004103535320609808,0.06328701972961426
1.798,0.04118425399065018,0.0006103515625,0.003729026298969984,0.06274009495973587
1.7985000000000002,0.04118449240922928,0.0006103515625,0.0045987702906131744,0.06284050643444061
1.799,0.041184522211551666,0.00030517578125,0.004126392770558596,0.06370078027248383
1.7995,0.04118407145142555,0.0006103515625,0.003950838465243578,0.06353592127561569
1.7999999999999998,0.04118472710251808,0.0006103515625,0.004195837303996086,0.06340385973453522
1.8005,0.041184406727552414,0.00030517578125,0.003874102607369423,0.06339562684297562
1.8010000000000002,0.04118448868393898,0.00091552734375,0.004132510628551245,0.06315744668245316
1.8014999999999999,0.04118445888161659,0.00030517578125,0.0044479151256382465,0.06286198645830154
1.802,0.04118441790342331,0.0006103515625,0.004310016054660082,0.06304442882537842
1.8025000000000002,0.0411844402551651,0.0006103515625,0.004200848750770092,0.06378720700740814
1.803,0.041184183210134506,0.00030517578125,0.003929950296878815,0.06308925151824951
1.8035,0.04118482396006584,0.0006103515625,0.0040508536621928215,0.06374868750572205
1.8039999999999998,0.04118456318974495,0.0006103515625,0.004030194133520126,0.06352203339338303
1.8045,0.04118436202406883,0.00091552734375,0.004046173300594091,0.06280890852212906
1.8050000000000002,0.0411844402551651,0.0,0.004168200306594372,0.06366431713104248
1.8054999999999999,0.041184522211551666,0.0006103515625,0.004239285830408335,0.06301302462816238
1.806,0.04118441790342331,0.00030517578125,0.0038732553366571665,0.0632568746805191
1.8065000000000002,0.04118460416793823,0.00030517578125,0.0038686252664774656,0.06296571344137192
1.807,0.04118452966213226,0.00091552734375,0.004180767107754946,0.06355676800012589
1.8075,0.04118434339761734,0.00030517578125,0.0039134277030825615,0.0643068253993988
1.8079999999999998,0.04118412360548973,0.0006103515625,0.004072835668921471,0.06336851418018341
1.8085,0.04118446633219719,0.0,0.004174152854830027,0.06365062296390533
1.8090000000000002,0.041184332221746445,0.0006103515625,0.004030072130262852,0.06308718770742416
1.8094999999999999,0.04118439182639122,0.0006103515625,0.004100312944501638,0.06379761546850204
1.81,0.04118472337722778,0.0006103515625,0.004307165276259184,0.06416501849889755
1.8105000000000002,0.04118461161851883,0.00030517578125,0.004252796061336994,0.06347829848527908
1.811,0.04118472710251808,0.0006103515625,0.004228038713335991,0.0641016960144043
1.8115,0.041184380650520325,0.00030517578125,0.004105070605874062,0.06223201006650925
1.8119999999999998,0.04118436202406883,0.0006103515625,0.004745308309793472,0.06355791538953781
1.8125,0.04118446633219719,0.0006103515625,0.004119063261896372,0.06311410665512085
1.8130000000000002,0.04118436202406883,0.0006103515625,0.004486472345888615,0.06304822862148285
1.8135,0.041184693574905396,0.00030517578125,0.004177779424935579,0.06409771740436554
1.814,0.04118422791361809,0.00030517578125,0.00397866265848279,0.06349494308233261
1.8144999999999998,0.04118422046303749,0.00030517578125,0.004413622431457043,0.06264066696166992
1.815,0.04118461161851883,0.0006103515625,0.004171349108219147,0.06274757534265518
1.8155000000000001,0.0411844477057457,0.00091552734375,0.004437536466866732,0.06404988467693329
1.8159999999999998,0.04118453338742256,0.0006103515625,0.004372697323560715,0.06395412981510162
1.8165,0.04118439555168152,0.00030517578125,0.003914620727300644,0.06319783627986908
1.8170000000000002,0.0411846861243248,0.0006103515625,0.0046464623883366585,0.06372711062431335
1.8175,0.0411844365298748,0.00030517578125,0.004319964908063412,0.06320016086101532
1.818,0.041184648871421814,0.0006103515625,0.003908942453563213,0.0630882978439331
1.8184999999999998,0.04118479788303375,0.00091552734375,0.0040018148720264435,0.06311987340450287
1.819,0.04118427261710167,0.0006103515625,0.004251017235219479,0.06332327425479889
1.8195000000000001,0.041184525936841965,0.0006103515625,0.004927454050630331,0.06324927508831024
1.8199999999999998,0.041184596717357635,0.00091552734375,0.0034403568133711815,0.06334225088357925
1.8205,0.041184455156326294,0.0006103515625,0.004589641001075506,0.06391961127519608
1.8210000000000002,0.04118427261710167,0.0006103515625,0.0038640350103378296,0.06273607909679413
1.8215,0.04118441790342331,0.00091552734375,0.0037458317819982767,0.06368880718946457
1.822,0.04118482396006584,0.00030517578125,0.004374772310256958,0.0646846741437912
1.8224999999999998,0.041184257715940475,0.00030517578125,0.0037590719293802977,0.06295114755630493
1.823,0.04118453711271286,0.00030517578125,0.004122273065149784,0.06343496590852737
1.8235000000000001,0.04118454083800316,0.00030517578125,0.004082124214619398,0.0629158690571785
1.8239999999999998,0.04118439927697182,0.00030517578125,0.0042196293361485004,0.06319830566644669
1.8245,0.041184358298778534,0.00091552734375,0.004133973270654678,0.06304503977298737
1.8250000000000002,0.04118410497903824,0.00091552734375,0.0039343577809631824,0.06305891275405884
1.8255,0.04118436202406883,0.00030517578125,0.003966552671045065,0.06393525749444962
1.826,0.04118388146162033,-0.00030517578125,0.00400828942656517,0.06256257742643356
1.8264999999999998,0.041184697300195694,0.0006103515625,0.004061881452798843,0.0637689158320427
1.827,0.04118447005748749,0.0006103515625,0.003703018417581916,0.06282255053520203
1.8275000000000001,0.04118424281477928,0.00091552734375,0.003925758879631758,0.06294367462396622
1.8279999999999998,0.04118431732058525,0.00091552734375,0.003958412446081638,0.06395640969276428
1.8285,0.041184455156326294,0.0006103515625,0.004116895608603954,0.0635141059756279
1.8290000000000002,0.04117778316140175,0.0006103515625,0.0042319935746490955,0.06376428157091141
1.8295,0.041188642382621765,0.00030517578125,0.0036323408130556345,0.06313948333263397
1.83,0.0411684587597847,0.0006103515625,0.004384059924632311,0.06387243419885635
1.8304999999999998,0.04120413586497307,0.00091552734375,0.0038619618862867355,0.06287503242492676
1.831,0.04114486277103424,0.0006103515625,0.0040008146315813065,0.06395693123340607
1.8315000000000001,0.04123961552977562,0.00030517578125,0.004020578693598509,0.06315106898546219
1.8319999999999999,0.04108992964029312,0.00030517578125,0.004492880776524544,0.0649549812078476
1.8325,0.04133220016956329,0.00030517578125,0.004064789041876793,0.06107805669307709
1.8330000000000002,0.04088466614484787,0.00030517578125,0.005441546905785799,0.06765557825565338
1.8335,0.042525146156549454,0.0006103515625,-0.0005468711024150252,0.04096589982509613
