Time [s],Lmtc [m],STIM [ ],Fsee [ ],gamma [ ],Lcerel [ ]
0.0,0.043281287675248026,1.0,0.3219326146189514,1.1140216688573759,5.317143121650829e-05
0.001,0.04326664754234243,1.0,0.2669922004965854,1.1147814884720417,0.03637510518977609
0.002,0.0432518776728701,1.0,0.2550988623159032,1.1140918122846646,0.07137768701562135
0.003,0.04323710780339777,1.0,0.3374623314863893,1.1101759671542415,0.10510883925797393
0.004,0.04322233793392544,1.0,0.5684294170431263,1.1026760929828705,0.13761474546897257
0.005,0.04320756806445311,1.0,0.8720678328281377,1.0949226575396087,0.16893991575760883
0.006,0.04319279819498078,1.0,1.2122363244861918,1.0876387857324166,0.1991272415092758
0.007,0.04317802832550845,1.0,1.5739557847061427,1.0808569154766319,0.2282180527483076
0.008,0.043163258456036115,1.0,1.945078099121955,1.0745718419766663,0.25625217114259385
0.009000000000000001,0.04314848858656379,1.0,2.31622140663648,1.0687600434566022,0.2832679887042645
0.01,0.04313371871709146,1.0,2.6807483940137606,1.0633859074301066,0.30930248408464506
0.011,0.043118948847619125,1.0,3.0342927239686284,1.058408668158499,0.334391310022077
0.012,0.04310417897814679,1.0,3.374176688104569,1.0537873750853355,0.3585688165559332
0.013000000000000001,0.04308940910867447,1.0,3.6988974364594043,1.049483695996629,0.38186810105745017
0.014,0.043074639239202135,1.0,4.007681396855236,1.0454636446340433,0.40432106453066285
0.015,0.0430598693697298,1.0,4.300309317983886,1.041696885807708,0.4259584546337912
0.016,0.04304509950025747,1.0,4.576957256836484,1.0381563954074267,0.44680989418309375
0.017,0.043030329630785145,1.0,4.838053716326818,1.0348183132644655,0.46690393048525897
0.018000000000000002,0.04301555976131281,1.0,5.08418074170326,1.0316616716918776,0.48626807489901974
0.019,0.04300078989184048,1.0,5.316007061408834,1.0286680758796665,0.5049288398917432
0.02,0.04298602002236815,1.0,5.534243479592308,1.0258213834409562,0.5229117749912842
0.021,0.042971250152895824,1.0,5.739613160923498,1.0231074089450374,0.5402414999752643
0.022,0.04295648028342349,1.0,5.932832876079115,1.0205136553499663,0.5569417411407962
0.023,0.04294171041395116,1.0,6.1146006762888305,1.0180290837789014,0.573035363712062
0.024,0.04292694054447883,1.0,6.285588256873907,1.0156439155685077,0.5885444024677968
0.025,0.0429121706750065,1.0,6.446436624690158,1.0133494622552595,0.6034900917967079
0.026000000000000002,0.04289740080553417,1.0,6.597753940138592,1.011137980510507,0.6178928947707947
0.027,0.04288263093606184,1.0,6.740114803123679,1.0090025485716863,0.6317725311626127
0.028,0.042867861066589505,1.0,6.874060491735887,1.0069369609323366,0.64514800444484
0.029,0.04285309119711717,1.0,7.0000998157192615,1.004935638462151,0.6580376278091119
0.03,0.04283832132764485,1.0,7.118710352343719,1.0029935515351192,0.6704590492397497
0.031,0.042823551458172515,1.0,7.230339905282268,1.0011061541171205,0.6824292756767134
0.032,0.04280878158870018,1.0,7.3354080643913955,0.9992693271830423,0.693964696300859
0.033,0.04279401171922785,1.0,7.434307088152598,0.9974793347850878,0.7050811049733848
0.034,0.042779241849755525,1.0,7.527403544084817,0.9957327813841376,0.7157937218601889
0.035,0.04276447198028319,1.0,7.615040831485832,0.9940265686523246,0.7261172142707429
0.036000000000000004,0.04274970211081086,1.0,7.697540704034866,0.9923578635080631,0.736065716740018
0.037,0.04273493224133853,1.0,7.775204649833362,0.990724070655439,0.7456528503809541
0.038,0.042720162371866204,1.0,7.848315203624788,0.9891228084945217,0.7548917415339729
0.039,0.04270539250239387,1.0,7.917137186078447,0.9875518879342902,0.7637950397390653
0.04,0.04269062263292154,1.0,7.981918868912804,0.9860092937071943,0.7723749350550633
0.041,0.04267585276344921,1.0,8.042893066656703,0.9844931678456005,0.7806431747498069
0.042,0.04266108289397688,1.0,8.100278157185107,0.983001795031573,0.7886110793840586
0.043000000000000003,0.04264631302450455,1.0,8.154279033999833,0.9815335895743433,0.7962895583111861
0.044,0.04263154315503222,1.0,8.205087993721394,0.9800870838058104,0.8036891246138367
0.045,0.042616773285559885,1.0,8.252885562503582,0.9786609177146834,0.8108199094980513
0.046,0.04260200341608756,1.0,8.29784126516841,0.9772538296653727,0.8176916761645289
0.047,0.04258723354661523,1.0,8.34011434082648,0.9758646480692805,0.8243138331760305
0.048,0.042572463677142895,1.0,8.379854408642473,0.9744922838943678,0.8306954473392277
0.049,0.04255769380767056,1.0,8.417202087251317,0.9731357239143522,0.836845256118631
0.05,0.04254292393819824,1.0,8.452289571149656,0.9717940246120502,0.8427716795995952
0.051000000000000004,0.042528154068725905,1.0,8.485241167189844,0.9704663066626029,0.8484828320167817
0.052000000000000005,0.04251338419925357,1.0,8.516173794103363,0.969151749931918,0.8539865328638613
0.053,0.04249861432978124,1.0,8.545197447776937,0.9678495889338855,0.8592903175996689
0.054,0.042483844460308916,1.0,8.572415634813575,0.9665591086969822,0.8644014479654685
0.055,0.042469074590836584,1.0,8.597925776719501,0.9652796409969664,0.8693269219274545
0.056,0.04245430472136425,1.0,8.621819586885945,0.9640105609176045,0.874073483258102
0.057,0.04243953485189192,1.0,8.644183422363035,0.9627512837059191,0.8786476307694845
0.058,0.042424764982419594,1.0,8.66509861227254,0.961501261892372,0.8830556272112018
0.059000000000000004,0.04240999511294726,1.0,8.684641764558986,0.9602599826498232,0.8873035078450991
0.06,0.04239522524347493,1.0,8.702885052648336,0.959026965368078,0.89139708870852
0.061,0.0423804553740026,1.0,8.719896483456784,0.9578017594234303,0.8953419745774034
0.062,0.042365685504530265,1.0,8.735740148081698,0.9565839421248857,0.8991435666401313
0.063,0.04235091563505794,1.0,8.75047645640168,0.9553731168207295,0.9028070698926315
0.064,0.04233614576558561,1.0,8.764162356717017,0.954168911150856,0.9063375002648605
0.065,0.042321375896113275,1.0,8.776851541473864,0.9529709754318102,0.909739691488425
0.066,0.04230660602664094,1.0,8.788594640035157,0.9517789811628413,0.9130183017147451
0.067,0.04229183615716862,1.0,8.799439399387456,0.9505926196424688,0.9161778198928171
0.068,0.042277066287696285,1.0,8.809430853605186,0.949411600686111,0.9192225719153144
0.069,0.04226229641822395,1.0,8.818611482832111,0.9482356514362681,0.9221567265414347
0.07,0.04224752654875162,1.0,8.827021362481615,0.9470645152575774,0.9249843011046076
0.07100000000000001,0.042232756679279296,1.0,8.834698303307286,0.9458979507097992,0.9277091670128759
0.07200000000000001,0.042217986809806964,1.0,8.841677982944622,0.9447357305924498,0.9303350550494803
0.073,0.04220321694033463,1.0,8.84799406948451,0.9435776410553821,0.9328655604809071
0.074,0.0421884470708623,1.0,8.853678337593722,0.9424234807701423,0.9353041479793902
0.075,0.042173677201389974,1.0,8.858760777665804,0.9412730601573964,0.93765415636661
0.076,0.04215890733191764,1.0,8.86326969844627,0.9401262006661427,0.9399188031850813
0.077,0.04214413746244531,1.0,8.867231823550465,0.9389827341008038,0.9421011891034906
0.078,0.04212936759297298,1.0,8.870672382256945,0.9378425019926304,0.9442043021620141
0.079,0.04211459772350065,1.0,8.87361519493801,0.9367053550121553,0.94623102186343
0.08,0.04209982785402832,1.0,8.87608275346099,0.9355711524197096,0.9481841231156235
0.081,0.04208505798455599,1.0,8.878096296873208,0.9344397615512662,0.9500662800308867
0.082,0.042070288115083655,1.0,8.87967588266035,0.9333110573370951,0.9518800695872114
0.083,0.04205551824561133,1.0,8.88084045385068,0.9321849218509244,0.9536279751565895
0.084,0.042040748376139,1.0,8.881607902217707,0.9310612438874798,0.9553123899051528
0.085,0.042025978506666666,1.0,8.881995127819742,0.9299399185664492,0.9569356200698045
0.08600000000000001,0.04201120863719433,1.0,8.882018095095024,0.9288208469610678,0.9584998881158323
0.08700000000000001,0.04199643876772201,1.0,8.881691885722008,0.9277039357496579,0.960007335779823
0.088,0.041981668898249676,1.0,8.88103074843638,0.9265890968885866,0.9614600270020477
0.089,0.041966899028777344,1.0,8.880048145988376,0.9254762473052193,0.9628599507523302
0.09,0.04195212915930501,1.0,8.878756799407569,0.9243653086095505,0.9642090237532698
0.091,0.04193735928983268,1.0,8.877168729736168,0.9232562068232941,0.9655090931045446
0.092,0.041922589420360354,1.0,8.87529529737973,0.9221488721252995,0.966761938811891
0.093,0.04190781955088802,1.0,8.873147239213955,0.921043238612245,0.96796927622422
0.094,0.04189304968141569,1.0,8.870734703580574,0.9199392440736327,0.9691327583822079
0.095,0.04187827981194336,1.0,8.86806728329408,0.9188368297801768,0.9702539782815771
0.096,0.04186350994247103,1.0,8.865154046775501,0.9177359402847426,0.9713344710541656
0.097,0.0418487400729987,1.0,8.862003567421736,0.9166365232350506,0.972375716069771
0.098,0.04183397020352637,1.0,8.85862395131314,0.9155385291974123,0.9733791389616482
0.099,0.041819200334054035,1.0,8.855022863353819,0.9144419114908168,0.974346113578432
0.1,0.04180443046458171,1.0,8.8512075519363,0.9133466260307302,0.9752779638651593
0.101,0.04178966059510938,1.0,8.8471848722141,0.9122526311820146,0.9761759656759635
0.10200000000000001,0.041774890725637046,1.0,8.842961308063497,0.9111598876204093,0.9770413485209264
0.10300000000000001,0.04176012085616471,1.0,8.83854299280758,0.910068358202058,0.977875297249477
0.10400000000000001,0.04174535098669239,1.0,8.83393572877488,0.9089780078405943,0.9786789536726416
0.105,0.041730581117220056,1.0,8.829145005757823,0.9078888033913324,0.9794534181263694
0.106,0.041715811247747724,1.0,8.824176018434839,0.906800713542138,0.9801997509780699
0.107,0.04170104137827539,1.0,8.819033682813714,0.9057137087105813,0.980918974078428
0.108,0.041686271508803066,1.0,8.813722651752578,0.9046277609469989,0.981612072160484
0.109,0.041671501639330734,1.0,8.808247329610193,0.9035428438431151,0.9822799941878914
0.11,0.0416567317698584,1.0,8.802611886076047,0.9024589324458947,0.9829236546542034
0.111,0.04164196190038607,1.0,8.796820269224666,0.9013760031763203,0.9835439348349622
0.112,0.041627192030913744,1.0,8.790876217839768,0.9002940337528045,0.9841416839943078
0.113,0.04161242216144141,1.0,8.784783273048346,0.899213003118967,0.9847177205477593
0.114,0.04159765229196908,1.0,8.778544789304105,0.8981328913755221,0.9852728331827573
0.115,0.04158288242249675,1.0,8.772163944756947,0.8970536797160371,0.9858077819385057
0.116,0.04156811255302442,1.0,8.765643751042363,0.8959753503663376,0.9863232992465881
0.117,0.04155334268355209,1.0,8.758987062524046,0.894897886527348,0.9868200909337859
0.11800000000000001,0.04153857281407976,1.0,8.752196585020657,0.8938212723211705,0.987298837188469
0.11900000000000001,0.041523802944607426,1.0,8.745274884044786,0.8927454927402131,0.9877601934918845
0.12,0.0415090330751351,1.0,8.738224392582094,0.8916705335991945,0.9882047915156165
0.121,0.04149426320566277,1.0,8.731047418436555,0.8905963814898576,0.988633239986447
0.122,0.041479493336190436,1.0,8.723746151165937,0.8895230237382394,0.9890461255198018
0.123,0.041464723466718104,1.0,8.716322668630387,0.8884504483643478,0.9894440134229213
0.124,0.04144995359724578,1.0,8.708778943175737,0.8873786440441109,0.9898274484688593
0.125,0.041435183727773446,1.0,8.7011168474723,0.8863076000734665,0.9901969556423639
0.126,0.041420413858301114,1.0,8.693338160028755,0.8852373063344715,0.9905530408586679
0.127,0.04140564398882878,1.0,8.685444570397818,0.8841677532633159,0.9908961916561685
0.128,0.04139087411935645,1.0,8.67743768409302,0.8830989318201322,0.9912268778639463
0.129,0.041376104249884124,1.0,8.66931902723119,0.8820308334604996,0.9915455522450374
0.13,0.04136133438041179,1.0,8.661090050916261,0.8809634501085465,0.9918526511163398
0.131,0.04134656451093946,1.0,8.652752135380126,0.8798967741315591,0.9921485949460015
0.132,0.04133179464146713,1.0,8.644306593891876,0.8788307983160143,0.99243378892911
0.133,0.0413170247719948,1.0,8.63575467645071,0.8777655158449527,0.9927086235424699
0.134,0.04130225490252247,1.0,8.627097573272259,0.876700920276618,0.9929734750792286
0.135,0.04128748503305014,1.0,8.618336418082798,0.8756370055242909,0.9932287061640834
0.136,0.041272715163577806,1.0,8.609472291228847,0.8745737658372504,0.9934746662497728
0.137,0.04125794529410548,1.0,8.600506222615032,0.8735111957827982,0.9937116920955342
0.138,0.04124317542463315,1.0,8.59143919447797,0.8724492902292864,0.9939401082281822
0.139,0.041228405555160816,1.0,8.582272144007382,0.871388044330093,0.9941602273864381
0.14,0.041213635685688484,1.0,8.57300596582047,0.8703274535084908,0.9943723509491196
0.14100000000000001,0.04119886581621616,1.0,8.563641514300027,0.8692675134433604,0.9945767693477781
0.14200000000000002,0.041184095946743826,1.0,8.554179605801972,0.8682082200556983,0.9947737624643459
0.14300000000000002,0.041169326077271494,1.0,8.544621020741783,0.8671495694958773,0.9949636000143403
0.14400000000000002,0.04115455620779916,1.0,8.534966505564231,0.8660915581316162,0.9951465419161475
0.145,0.041139786338326836,1.0,8.525216774604518,0.8650341825366188,0.9953228386468937
0.146,0.041125016468854504,1.0,8.515372511846271,0.863977439479844,0.9954927315853881
0.147,0.04111024659938217,1.0,8.505434372582732,0.8629213259153742,0.9956564533426101
0.148,0.04109547672990984,1.0,8.495402984985438,0.8618658389728455,0.9958142280801914
0.149,0.041080706860437514,1.0,8.485278951586945,0.8608109759484098,0.9959662718173293
0.15,0.04106593699096518,1.0,8.47506285068061,0.859756734296199,0.9961127927265527
0.151,0.04105116712149285,1.0,8.464755237644653,0.8587031116202625,0.9962539914187433
0.152,0.04103639725202052,1.0,8.45435664619179,0.8576501056669525,0.9963900612178047
0.153,0.04102162738254819,1.0,8.443867589550933,0.856597714317732,0.9965211884253543
0.154,0.04100685751307586,1.0,8.43328856158289,0.8555459355823803,0.9966475525758005
0.155,0.04099208764360353,1.0,8.422620037835895,0.8544947675925764,0.9967693266821539
0.156,0.040977317774131196,1.0,8.41186247654218,0.8534442085958365,0.9968866774729108
0.157,0.040962547904658864,1.0,8.401016319559899,0.8523942569497885,0.996999765620331
0.158,0.04094777803518654,1.0,8.39008199326376,0.851344911116763,0.9971087459604245
0.159,0.040933008165714206,1.0,8.37905990938608,0.850296169658683,0.9972137677049472
0.16,0.040918238296241874,1.0,8.367950465813074,0.8492480312322374,0.9973149746456955
0.161,0.04090346842676954,1.0,8.3567540473359,0.8482004945843199,0.9974125053513813
0.162,0.040888698557297216,1.0,8.345471026362091,0.8471535585477226,0.9975064933573542
0.163,0.040873928687824884,1.0,8.334101763586755,0.8461072220370645,0.9975970673484339
0.164,0.04085915881835255,1.0,8.322646608628885,0.8450614840449474,0.9976843513350998
0.165,0.04084438894888022,1.0,8.311105900631194,0.8440163436383232,0.9977684648232821
0.166,0.040829619079407894,1.0,8.299479968828614,0.8429717999550619,0.997849522977984
0.167,0.04081484920993556,1.0,8.287769133085158,0.8419278522007086,0.9979276367809625
0.168,0.04080007934046323,1.0,8.275973704402045,0.8408844996454214,0.9980029131826792
0.169,0.0407853094709909,1.0,8.264093985398238,0.839841741621076,0.9980754552487334
0.17,0.04077053960151857,1.0,8.252130270764644,0.8387995775185321,0.9981453623009756
0.171,0.04075576973204624,1.0,8.240082847694072,0.8377580067850491,0.9982127300534951
0.17200000000000001,0.04074099986257391,1.0,8.227951996288237,0.8367170289218463,0.9982776507436681
0.17300000000000001,0.040726229993101576,1.0,8.215737989942152,0.835676643481796,0.998340213258446
0.17400000000000002,0.04071146012362925,1.0,8.203441095708706,0.8346368500672455,0.9984005032560552
0.17500000000000002,0.04069669025415692,1.0,8.191061574642477,0.8335976483279584,0.9984586032832781
0.176,0.040681920384684586,1.0,8.178599682126872,0.8325590379591702,0.9985145928884721
0.177,0.040667150515212254,1.0,8.166055668182073,0.8315210186997514,0.9985685487304853
0.178,0.04065238064573993,1.0,8.153429777757715,0.8304835903304717,0.9986205446836136
0.179,0.040637610776267596,1.0,8.140722251008995,0.8294467526723615,0.9986706519387476
0.18,0.040622840906795264,1.0,8.127933323559576,0.828410505585162,0.9987189391008439
0.181,0.04060807103732293,1.0,8.115063226748772,0.8273748489658641,0.9987654722828568
0.182,0.04059330116785061,1.0,8.102112187867256,0.8263397827473258,0.9988103151962575
0.183,0.040578531298378274,1.0,8.089080430379191,0.8253053068969675,0.9988535292382652
0.184,0.04056376142890594,1.0,8.075968174133566,0.8242714214155404,0.9988951735759102
0.185,0.04054899155943361,1.0,8.062775635563765,0.8232381263359627,0.9989353052270431
0.186,0.04053422168996128,1.0,8.049503027877254,0.8222054217222209,0.9989739791384011
0.187,0.04051945182048895,1.0,8.03615056123499,0.8211733076683327,0.9990112482608396
0.188,0.04050468195101662,1.0,8.022718442921512,0.8201417842973682,0.9990471636218301
0.189,0.04048991208154429,1.0,8.00920687750691,0.8191108517605252,0.9990817743953251
0.19,0.040475142212071956,1.0,7.995616066999241,0.8180805102362584,0.9991151279690852
0.191,0.04046037234259963,1.0,7.981946210990555,0.8170507599294551,0.999147270009561
0.192,0.0404456024731273,1.0,7.968197506793842,0.8160216010706602,0.9991782445244175
0.193,0.040430832603654966,1.0,7.954370149574665,0.8149930339153437,0.9992080939227878
0.194,0.040416062734182634,1.0,7.940464332474663,0.8139650587432107,0.9992368590733378
0.195,0.04040129286471031,1.0,7.926480246730029,0.8129376758575501,0.999264579360223
0.196,0.040386522995237976,1.0,7.912418081782776,0.8119108855846224,0.9992912927370105
0.197,0.040371753125765644,1.0,7.898278025387778,0.8108846882730812,0.9993170357786444
0.198,0.04035698325629331,1.0,7.884060263713312,0.8098590842934296,0.9993418437315228
0.199,0.04034221338682099,1.0,7.869764981437566,0.8088340740375074,0.9993657505617556
0.2,0.040327443517348655,1.0,7.855392361839363,0.8078096579180103,0.9993887890016696
0.201,0.04031267364787632,1.0,7.840942586885592,0.8067858363680354,0.9994109905946246
0.202,0.04029790377840399,1.0,7.826415837313523,0.8057626098406556,0.999432385738201
0.203,0.040283133908931665,1.0,7.8118122927095435,0.8047399788085194,0.9994530037258197
0.20400000000000001,0.04026836403945933,1.0,7.797132131583783,0.8037179437634748,0.9994728727868484
0.20500000000000002,0.040253594169987,1.0,7.782375531441673,0.8026965052162163,0.9994920201252533
0.20600000000000002,0.04023882430051467,1.0,7.76754266885169,0.8016756636959544,0.9995104719568455
0.20700000000000002,0.04022405443104234,1.0,7.752633719510086,0.8006554197501063,0.9995282535451739
0.20800000000000002,0.04020928456157001,1.0,7.737648858302432,0.7996357739440051,0.9995453892361164
0.209,0.04019451469209768,1.0,7.722588259362673,0.7986167268606293,0.999561902491212
0.21,0.040179744822625346,1.0,7.707452096129084,0.7975982791003496,0.9995778159197847
0.211,0.04016497495315302,1.0,7.692240541398001,0.7965804312806927,0.999593151309898
0.212,0.04015020508368069,1.0,7.676953767374594,0.7955631840361215,0.9996079296581879
0.213,0.040135435214208356,1.0,7.661591945722275,0.7945465380178308,0.9996221711986091
0.214,0.040120665344736024,1.0,7.646155247609097,0.7935304938935571,0.9996358954301398
0.215,0.04010589547526369,1.0,7.6306438437524875,0.7925150523474036,0.9996491211434779
0.216,0.04009112560579137,1.0,7.615057904461959,0.7915002140796772,0.9996618664467698
0.217,0.040076355736319035,1.0,7.599397599680081,0.7904859798067387,0.999674148790402
0.218,0.0400615858668467,1.0,7.583663099021743,0.7894723502608657,0.9996859849908943
0.219,0.04004681599737438,1.0,7.567854571811773,0.7884593261901258,0.9996973912539244
0.22,0.040032046127902045,1.0,7.551972187120501,0.787446908358262,0.999708383196516
0.221,0.04001727625842971,1.0,7.536016113799062,0.7864350975445884,0.9997189758684205
0.222,0.04000250638895738,1.0,7.519986520512058,0.785423894543895,0.9997291837727235
0.223,0.03998773651948505,1.0,7.503883575769657,0.7844133001663635,0.9997390208857009
0.224,0.03997296665001272,1.0,7.487707447958307,0.7834033152374911,0.9997485006759553
0.225,0.03995819678054039,1.0,7.471458305369909,0.7823939405980243,0.9997576361228568
0.226,0.03994342691106806,1.0,7.455136316230723,0.7813851771038998,0.9997664397343136
0.227,0.039928657041595726,1.0,7.438741648728407,0.7803770256261946,0.9997749235638967
0.228,0.0399138871721234,1.0,7.422274471038443,0.7793694870510839,0.9997830992273449
0.229,0.03989911730265107,1.0,7.405734951349537,0.7783625622798046,0.9997909779184667
0.23,0.039884347433178736,1.0,7.389123257888507,0.7773562522286288,0.9997985704244678
0.231,0.039869577563706404,1.0,7.3724395589436424,0.7763505578288421,0.9998058871407202
0.232,0.03985480769423408,1.0,7.3556840228881235,0.7753454800267289,0.9998129380849945
0.233,0.03984003782476175,1.0,7.338856818201656,0.7743410197835651,0.9998197329111767
0.234,0.039825267955289415,1.0,7.321958113492632,0.7733371780756152,0.9998262809224856
0.23500000000000001,0.03981049808581708,1.0,7.304988077518814,0.7723339558941377,0.9998325910842105
0.23600000000000002,0.03979572821634476,1.0,7.287946879207543,0.7713313542453931,0.9998386720359858
0.23700000000000002,0.039780958346872425,1.0,7.270834687675295,0.7703293741506609,0.9998445321036205
0.23800000000000002,0.03976618847740009,1.0,7.2536516722473205,0.7693280166462593,0.9998501793104974
0.23900000000000002,0.03975141860792776,1.0,7.236398002475842,0.7683272827835709,0.9998556213885582
0.24,0.039736648738455435,1.0,7.219073848158457,0.7673271736290743,0.9998608657888903
0.241,0.0397218788689831,1.0,7.2016793793555,0.7663276902643795,0.9998659196919281
0.242,0.03970710899951077,1.0,7.184214766407788,0.7653288337862686,0.9998707900172842
0.243,0.03969233913003844,1.0,7.166680179953325,0.7643306053067404,0.9998754834332237
0.244,0.03967756926056611,1.0,7.1490757909436065,0.7633330059530605,0.9998800063657941
0.245,0.03966279939109378,1.0,7.1314017706597514,0.7623360368678159,0.9998843650076233
0.246,0.03964802952162145,1.0,7.11365829072876,0.761339699208972,0.9998885653263989
0.247,0.039633259652149117,1.0,7.095845523138485,0.7603439941499361,0.9998926130730382
0.248,0.03961848978267679,1.0,7.077963640253427,0.7593489228796237,0.9998965137895626
0.249,0.03960371991320446,1.0,7.0600128148288,0.7583544866025289,0.9999002728166855
0.25,0.03958895004373213,1.0,7.041993220026238,0.7573606865387992,0.9999038953011247
0.251,0.039574180174259795,1.0,7.02390502942762,0.7563675239243137,0.9999073862026485
0.252,0.03955941030478746,1.0,7.005748417049509,0.7553750000107656,0.9999107503008673
0.253,0.03954464043531514,1.0,6.98752355735734,0.7543831160657475,0.999913992201777
0.254,0.039529870565842805,1.0,6.969230625278881,0.7533918733728414,0.9999171163440655
0.255,0.03951510069637047,1.0,6.950869796218397,0.7524012732317117,0.9999201270051903
0.256,0.03950033082689814,1.0,6.932441246070032,0.7514113169582023,0.9999230283072345
0.257,0.039485560957425815,1.0,6.913945151231231,0.7504220058844364,0.999925824222551
0.258,0.03947079108795348,1.0,6.895381688615803,0.7494333413589206,0.9999285185792012
0.259,0.03945602121848115,1.0,6.876751035667501,0.7484453247466519,0.9999311150661964
0.26,0.03944125134900882,1.0,6.858053370372792,0.7474579574292288,0.9999336172385479
0.261,0.03942648147953649,1.0,6.839288871274032,0.7464712408049651,0.9999360285221358
0.262,0.03941171161006416,1.0,6.820457717481982,0.7454851762890071,0.999938352218398
0.263,0.03939694174059183,1.0,6.8015600886891106,0.7444997653134551,0.9999405915088516
0.264,0.039382171871119497,1.0,6.782596165182206,0.743515009327487,0.9999427494594483
0.265,0.03936740200164717,1.0,6.763566127854989,0.7425309097974863,0.9999448290247723
0.266,0.03935263213217484,1.0,6.744470158220751,0.7415474682071724,0.9999468330520858
0.267,0.03933786226270251,1.0,6.725308438425262,0.7405646860577355,0.9999487642852268
0.268,0.039323092393230175,1.0,6.706081151259255,0.7395825648679735,0.9999506253683671
0.269,0.03930832252375785,1.0,6.68678848017108,0.7386011061744331,0.999952418849631
0.27,0.03929355265428552,1.0,6.667430609279119,0.7376203115315538,0.9999541471845853
0.271,0.039278782784813185,1.0,6.648007723384754,0.736640182511816,0.9999558127396005
0.272,0.03926401291534085,1.0,6.628520007984769,0.7356607207058907,0.9999574177950918
0.273,0.03924924304586852,1.0,6.608967649284152,0.734681927722795,0.9999589645486402
0.274,0.039234473176396195,1.0,6.589350834208713,0.7337038051900485,0.9999604551180021
0.275,0.03921970330692386,1.0,6.569669750417571,0.7327263547538353,0.9999618915440088
0.276,0.03920493343745153,1.0,6.5499245863164335,0.7317495780791672,0.9999632757933603
0.277,0.039190163567979205,1.0,6.530115531070022,0.7307734768500527,0.9999646097613184
0.278,0.03917539369850687,1.0,6.510242774614847,0.7297980527696672,0.9999658952743015
0.279,0.03916062382903454,1.0,6.490306507672637,0.7288233075605284,0.9999671340923852
0.28,0.03914585395956221,1.0,6.470306921762867,0.7278492429646737,0.9999683279117128
0.281,0.03913108409008988,1.0,6.450244209216037,0.7268758607438429,0.999969478366816
0.28200000000000003,0.03911631422061755,1.0,6.430118563186969,0.7259031626796628,0.9999705870328547
0.28300000000000003,0.03910154435114522,1.0,6.409930177667474,0.7249311505738363,0.9999716554277722
0.28400000000000003,0.03908677448167289,1.0,6.389679247500574,0.7239598262483345,0.9999726850143745
0.28500000000000003,0.039072004612200555,1.0,6.3693659683932475,0.7229891915455939,0.9999736772023328
0.28600000000000003,0.03905723474272823,1.0,6.348990536930438,0.7220192483287149,0.9999746333501128
0.28700000000000003,0.0390424648732559,1.0,6.32855315058824,0.7210499984816665,0.9999755547668363
0.28800000000000003,0.039027695003783565,1.0,6.308054007748321,0.7200814439094932,0.999976442714072
0.289,0.03901292513431123,1.0,6.287493307711174,0.7191135865385268,0.9999772984075638
0.29,0.03899815526483891,1.0,6.266871250710769,0.7181464283166009,0.9999781230188944
0.291,0.038983385395366575,1.0,6.246188037928152,0.7171799712132704,0.9999789176770909
0.292,0.03896861552589424,1.0,6.225443871506304,0.7162142172200346,0.999979683470169
0.293,0.03895384565642192,1.0,6.204638954564484,0.7152491683505643,0.9999804214466236
0.294,0.038939075786949585,1.0,6.183773491212369,0.7142848266409332,0.999981132616864
0.295,0.03892430591747725,1.0,6.162847686565608,0.7133211941498531,0.999981817954598
0.296,0.03890953604800492,1.0,6.141861746760223,0.712358272958914,0.9999824783981637
0.297,0.03889476617853259,1.0,6.120815878968093,0.7113960651728272,0.9999831148518155
0.298,0.038879996309060263,1.0,6.0997102914121255,0.7104345729196748,0.9999837281869616
0.299,0.03886522643958793,1.0,6.078545193381413,0.7094737983511619,0.9999843192433573
0.3,0.0388504565701156,1.0,6.057320795247586,0.7085137436428733,0.9999848888302547
0.301,0.03883568670064327,1.0,6.036037308480274,0.7075544109945364,0.9999854377275107
0.302,0.03882091683117094,1.0,6.014694945663216,0.7065958026302867,0.9999859666866544
0.303,0.03880614696169861,1.0,5.993293920510518,0.7056379207989396,0.9999864764319168
0.304,0.03879137709222628,1.0,5.97183444788343,0.7046807677742662,0.9999869676612217
0.305,0.038776607222753945,1.0,5.950316743806755,0.7037243458552743,0.9999874410471419
0.306,0.03876183735328162,1.0,5.928741025486127,0.7027686573664937,0.9999878972378192
0.307,0.03874706748380929,1.0,5.907107511324633,0.7018137046582679,0.9999883368578527
0.308,0.038732297614336955,1.0,5.885416420940953,0.7008594901070494,0.9999887605091535
0.309,0.03871752774486462,1.0,5.863667975186649,0.6999060161157012,0.999989168771769
0.31,0.03870275787539229,1.0,5.84186239616397,0.6989532851138041,0.9999895622046768
0.311,0.038687988005919965,1.0,5.819999907244458,0.6980012995579672,0.9999899413465505
0.312,0.03867321813644763,1.0,5.798080733086885,0.6970500619321467,0.9999903067164967
0.313,0.0386584482669753,1.0,5.776105099656371,0.6960995747479689,0.999990658814766
0.314,0.038643678397502976,1.0,5.754073234243366,0.6951498405450582,0.9999909981234382
0.315,0.038628908528030644,1.0,5.731985365482579,0.694200861891373,0.9999913251070819
0.316,0.03861413865855831,1.0,5.709841723373022,0.6932526413835453,0.9999916402133905
0.317,0.03859936878908598,1.0,5.687642539297686,0.6923051816472281,0.9999919438737958
0.318,0.03858459891961365,1.0,5.665388046043705,0.6913584853374483,0.9999922365040581
0.319,0.03856982905014132,1.0,5.6430784778230905,0.6904125551389653,0.9999925185048357
0.32,0.03855505918066899,1.0,5.620714070292964,0.6894673937666373,0.9999927902622334
0.321,0.03854028931119666,1.0,5.598295060577677,0.688523003965793,0.999993052148331
0.322,0.038525519441724325,1.0,5.575821687289557,0.6875793885126107,0.9999933045216932
0.323,0.038510749572252,1.0,5.553294190551152,0.6866365502145035,0.99999354772786
0.324,0.03849597970277967,1.0,5.5307128120171996,0.6856944919105125,0.99999378209982
0.325,0.038481209833307335,1.0,5.508077794897476,0.6847532164717058,0.9999940079584666
0.326,0.038466439963835,1.0,5.485389383979593,0.6838127268015861,0.9999942256130366
0.327,0.03845167009436268,1.0,5.462647825652515,0.6828730258365042,0.9999944353615348
0.328,0.038436900224890345,1.0,5.439853367929925,0.6819341165460813,0.9999946374911406
0.329,0.03842213035541801,1.0,5.417006260474877,0.6809960019336383,0.9999948322786023
0.33,0.03840736048594568,1.0,5.394106754624004,0.680058685036633,0.9999950199906155
0.331,0.038392590616473356,1.0,5.371155103412681,0.6791221689271056,0.9999952008841884
0.332,0.038377820747001024,1.0,5.348151561600181,0.6781864567121321,0.9999953752069936
0.333,0.03836305087752869,1.0,5.325096385695902,0.6772515515342858,0.9999955431977072
0.334,0.03834828100805636,1.0,5.30198983398543,0.6763174565721083,0.999995705086336
0.335,0.038333511138584034,1.0,5.278832166557463,0.6753841750405879,0.9999958610945315
0.336,0.0383187412691117,1.0,5.255623645330727,0.6744517101916478,0.9999960114358943
0.337,0.03830397139963937,1.0,5.232364534082322,0.6735200653146431,0.9999961563162663
0.338,0.03828920153016704,1.0,5.209055098475333,0.6725892437368671,0.999996295934012
0.339,0.038274431660694705,1.0,5.185695606088101,0.6716592488240669,0.9999964304802906
0.34,0.03825966179122238,1.0,5.162286326443154,0.6707300839809691,0.9999965601393181
0.341,0.03824489192175005,1.0,5.1388275310370055,0.669801752651815,0.9999966850886186
0.342,0.038230122052277715,1.0,5.1153194933708255,0.6688742583209059,0.999996805499268
0.343,0.03821535218280539,1.0,5.091762488981217,0.667947604513159,0.9999969215361277
0.34400000000000003,0.03820058231333306,1.0,5.068156795471399,0.6670217947946743,0.9999970333580713
0.34500000000000003,0.038185812443860725,1.0,5.044502692543929,0.6660968327733106,0.9999971411182011
0.34600000000000003,0.03817104257438839,1.0,5.020800462032872,0.6651727220992749,0.9999972449640583
0.34700000000000003,0.03815627270491606,1.0,4.9970503879373265,0.6642494664657216,0.9999973450378246
0.34800000000000003,0.038141502835443736,1.0,4.973252756455452,0.6633270696093629,0.999997441476517
0.34900000000000003,0.038126732965971404,1.0,4.949407856018783,0.6624055353110928,0.9999975344121761
0.35000000000000003,0.03811196309649907,1.0,4.925515977327844,0.6614848673966212,0.9999976239720456
0.35100000000000003,0.03809719322702674,1.0,4.901577413387988,0.6605650697371217,0.9999977102787476
0.352,0.038082423357554414,1.0,4.877592459545925,0.6596461462498919,0.9999977934504499
0.353,0.03806765348808208,1.0,4.853561393780742,0.658728101064297,0.999997873600903
0.354,0.03805288361860975,0.0,4.829368918928239,0.6578119081217662,0.9769614705053106
0.355,0.03803811374913742,0.0,4.804580902871997,0.6569012333029101,0.9414747423439007
0.356,0.03802334387966509,0.0,4.779139422884741,0.6559966079240528,0.9072770314910451
0.357,0.03800857401019276,0.0,4.7530211410993015,0.6550982777447499,0.8743215163094411
0.358,0.03799380414072043,0.0,4.726197173596219,0.6542065397145589,0.8425630753553662
0.359,0.037979034271248095,0.0,4.698632814334976,0.6533217452680705,0.8119582261738107
0.36,0.03796426440177577,0.0,4.670287237281516,0.6524443039427003,0.7824650657639457
0.361,0.03794949453230344,0.0,4.641113177628682,0.6515746873332919,0.7540432132071206
0.362,0.037934724662831106,0.0,4.611056597267011,0.6507134333647132,0.7266537543788393
0.363,0.03791995479335877,0.0,4.580056341273407,0.6498611508531038,0.7002591886690127
0.364,0.03790518492388645,0.0,4.548043794134398,0.6490185243132509,0.6748233776375443
0.365,0.037890415054414116,0.0,4.514942546724782,0.6481863189533608,0.650311495534945
0.366,0.037875645184941784,0.0,4.480668087752538,0.6473653857789573,0.6266899816202368
0.367,0.03786087531546945,0.0,4.445127536451628,0.6465566667045237,0.6039264942108555
0.368,0.037846105445997126,0.0,4.4082194367468,0.6457611995446759,0.5819898664016443
0.369,0.037831335576524794,0.0,4.369833636864096,0.6449801227261861,0.5608500633923066
0.37,0.03781656570705246,0.0,4.329851282333252,0.6442146795283729,0.5404781413648948
0.371,0.03780179583758013,0.0,4.2881449543556025,0.6434662216229352,0.5208462078550304
0.372,0.037787025968107804,0.0,4.244578989379866,0.6427362116463735,0.5019273835625984
0.373,0.03777225609863547,0.0,4.19901001912263,0.6420262245004306,0.4836957655496259
0.374,0.03775748622916314,0.0,4.151287772797963,0.6413379470408811,0.4661263917749614
0.375,0.03774271635969081,0.0,4.101256184489075,0.6406731757855775,0.44919520691719234
0.376,0.037727946490218475,0.0,4.048754847837791,0.6400338122527602,0.43287902943901
0.377,0.03771317662074615,0.0,3.993620856913007,0.6394218555346661,0.41715551984792626
0.378,0.03769840675127382,0.0,3.935691065614349,0.638839391724283,0.4020031501098861
0.379,0.037683636881801486,0.0,3.87480478768142,0.6382885798495798,0.38740117417389847
0.38,0.03766886701232916,0.0,3.8108069448783173,0.637771634034067,0.37332959956732864
0.381,0.03765409714285683,0.0,3.7435516520240264,0.6372908016982896,0.35976916002296183
0.382,0.037639327273384496,0.0,3.6729062044359075,0.6368483377449546,0.3467012891003592
0.383,0.037624557403912164,0.0,3.5987554067355543,0.6364464748289543,0.3341080947653906
0.384,0.03760978753443983,0.0,3.521006153135376,0.636087389996722,0.32197233489313903
0.385,0.037595017664967506,0.0,3.439592140246079,0.6357731681762452,0.31027739366063567
0.386,0.037580247795495174,0.0,3.354478566828257,0.6355057631924554,0.2990072587971043
0.387,0.03756547792602284,0.0,3.2656666542318216,0.6352869571471444,0.2881464996605664
0.388,0.03755070805655051,0.0,3.173197810860347,0.6351183191009317,0.27768024611079023
0.389,0.037535938187078184,0.0,3.077157269215815,0.6350011639729225,0.2675941681496578
0.39,0.03752116831760585,0.0,2.9776770514113875,0.6349365123524673,0.25787445630107403
0.391,0.03750639844813352,0.0,2.875076422501203,0.6349235479852872,0.24850780270355488
0.392,0.03749162857866119,0.0,2.7710506411620237,0.6349462841404037,0.2394813828896072
0.393,0.03747685870918886,0.0,2.665977177696112,0.6350024886393102,0.23078283823176945
0.394,0.03746208883971653,0.0,2.559502759600164,0.6350982326730511,0.22240025904715735
0.395,0.0374473189702442,0.0,2.451260517058733,0.6352403320128519,0.2143221682664815
0.396,0.037432549100771866,0.0,2.3409050568498437,0.6354360567836294,0.2065375056487791
0.397,0.03741777923129954,0.0,2.2281729319606844,0.6356925028535556,0.19903561266630218
0.398,0.03740300936182721,0.0,2.1129738334437738,0.6360154892452143,0.19180621791671412
0.399,0.037388239492354876,0.0,1.9955023557887286,0.6364080010382711,0.18483942319033742
0.4,0.037373469622882544,0.0,1.8763357257871875,0.6368685086958418,0.17812568991167324
0.401,0.03735869975341022,0.0,1.7564629646561098,0.6373898434472303,0.1716558259210264
0.402,0.037343929883937886,0.0,1.637201575400702,0.6379593605373497,0.16542097310583728
0.403,0.037329160014465554,0.0,1.5200126470461768,0.6385605727723499,0.15941259507775946
0.404,0.03731439014499322,0.0,1.406281531788128,0.6391756756303489,0.15362246516237554
0.405,0.03729962027552089,0.0,1.2971421605875062,0.6397880279339465,0.14804265547255027
0.406,0.037284850406048564,0.0,1.1934084921229964,0.640383533848797,0.1426655319844076
0.40700000000000003,0.03730141461917363,0.0,1.2122856843861074,0.6413210215319652,0.13748373133604788
0.40800000000000003,0.037328847282520644,0.0,1.2185790331145283,0.6432939952406105,0.13249015361896996
0.40900000000000003,0.03735627994586766,0.0,1.174294747197338,0.6461187846900737,0.12767796162974904
0.41000000000000003,0.03738371260921467,0.0,1.112735381932222,0.6492585959058516,0.12304056609623149
0.41100000000000003,0.03741114527256169,0.0,1.0481451802121442,0.6524827488339794,0.11857161395273168
0.41200000000000003,0.037438577935908705,0.0,0.9849159104645104,0.6557174933886303,0.11426499016036304
0.41300000000000003,0.03746601059925572,0.0,0.9245671588119964,0.6589347143183841,0.110114799500582
0.41400000000000003,0.03749344326260274,0.0,0.8675443406664967,0.662123849012309,0.10611535970995907
0.41500000000000004,0.037520875925949757,0.0,0.813928148596393,0.6652804345675624,0.1022611950116631
0.41600000000000004,0.03754830858929677,0.0,0.7636831746787194,0.6684019506457093,0.09854702854065357
0.417,0.037575741252643784,0.0,0.7167269034993602,0.6714866787501581,0.09496777521522412
0.418,0.0376031739159908,0.0,0.6729518725118595,0.6745333625574672,0.091518534480031
0.419,0.03763060657933782,0.0,0.6322336669349728,0.6775411177662398,0.08819458376582193
0.42,0.037658039242684835,0.0,0.5944363409526365,0.6805093777129088,0.08499137204512064
0.421,0.037685471906031845,0.0,0.5594164024173529,0.683437856680477,0.0819045136017097
0.422,0.03771290456937886,0.0,0.5270260256290995,0.686326519210429,0.07892978202587388
0.423,0.03774033723272588,0.0,0.49711571429159496,0.68917555191826,0.0760631044277601
0.424,0.037767769896072896,0.0,0.4695364922319792,0.6919853372276242,0.07330055586093068
0.425,0.03779520255941991,0.0,0.44414167092788004,0.6947564290499807,0.07063835394847537
0.426,0.03782263522276692,0.0,0.4207882406743058,0.697489530457243,0.06807285370432409
0.427,0.03785006788611394,0.0,0.399337933026178,0.7001854733092013,0.06560054254266992
0.428,0.03787750054946096,0.0,0.37965800126051374,0.7028451997238274,0.06321803546866969
0.429,0.037904933212807974,0.0,0.3616217628753249,0.705469745236103,0.060922070443837115
0.43,0.03793236587615499,0.0,0.3451089442776947,0.7080602234747851,0.058709503919783246
0.431,0.03795979853950201,0.0,0.3300058634500553,0.7106178121882529,0.05657730653418901
0.432,0.03798723120284902,0.0,0.316205481949805,0.7131437404633325,0.05452255896311703
0.433,0.038014663866196036,0.0,0.30360735334516337,0.715639276999903,0.05254244792398376
0.434,0.03804209652954305,0.0,0.2921174912504127,0.7181057193257956,0.050634262323719544
0.435,0.03806952919289007,0.0,0.281648176554604,0.7205443838587791,0.04879538954684259
0.436,0.03809696185623709,0.0,0.27211772025040365,0.7229565967437575,0.04702331187836477
0.437,0.038124394519584104,0.0,0.2634501954559176,0.7253436854126071,0.04531560305663158
0.438,0.038151827182931114,0.0,0.2555751497581311,0.7277069708306866,0.04366992495137653
0.439,0.03817925984627813,0.0,0.2484273068650968,0.7300477604074881,0.04208402436244173
0.44,0.03820669250962515,0.0,0.24194626470730485,0.7323673415589594,0.040555729934781466
0.441,0.038234125172972165,0.0,0.236076195548531,0.7346669759157151,0.03908294918552518
0.442,0.03826155783631918,0.0,0.2307655523270383,0.7369478941747927,0.03766366563902906
0.443,0.0382889904996662,0.0,0.22596678432521466,0.7392112915931576,0.03629593606599397
0.444,0.03831642316301321,0.0,0.2216360643365698,0.7414583241192049,0.03497788782286943
0.445,0.038343855826360226,0.0,0.21773302874212183,0.7436901051545962,0.03370771628790104
0.446,0.03837128848970724,0.0,0.21422053130301116,0.7459077029334509,0.03248368239031058
0.447,0.03839872115305426,0.0,0.2110644110040528,0.7481121384997573,0.03130411022922624
0.448,0.03842615381640128,0.0,0.20823327392375218,0.7503043842574295,0.030167384779102534
0.449,0.038453586479748295,0.0,0.20569828884435615,0.7524853630611803,0.029071949678488498
0.45,0.038481019143095305,0.0,0.20343299613250204,0.7546559478107322,0.028016305099116505
0.451,0.03850845180644232,0.0,0.20141312930331778,0.756816961506144,0.026999005692394173
0.452,0.03853588446978934,0.0,0.1996164486126599,0.7589691777184036,0.02601865861048781
0.453,0.038563317133136356,0.0,0.19802258599413103,0.7611133214270501,0.025073921599287872
0.454,0.03859074979648337,0.0,0.19661290065568326,0.7632500701754545,0.024163501160645473
0.455,0.03861818245983039,0.0,0.19537034466948455,0.7653800554944623,0.02328615078136367
0.456,0.0386456151231774,0.0,0.19427933791884075,0.7675038645462797,0.0224406692265188
0.457,0.03867304778652442,0.0,0.19332565180335157,0.7696220419426036,0.021625898894775102
0.458,0.038700480449871434,0.0,0.19249630114265456,0.7717350916938912,0.020840724233440775
0.459,0.03872791311321845,0.0,0.19177944375914288,0.773843479250139,0.02008407021109549
0.46,0.03875534577656547,0.0,0.19116428725656498,0.7759476335974178,0.01935490084569805
0.461,0.038782778439912485,0.0,0.1906410025458708,0.7780479493785112,0.01865221778615901
0.462,0.038810211103259495,0.0,0.1902006436999253,0.780144789010169,0.01797505894543617
0.463,0.03883764376660651,0.0,0.1898350737455221,0.7822384847736125,0.017322497183281386
0.464,0.03886507642995353,0.0,0.18953689602439286,0.7843293408588627,0.016693639036835295
0.465,0.03889250909330055,0.0,0.18929939077586136,0.7864176353471773,0.016087623497331748
0.466,0.038919941756647564,0.0,0.18911645661157328,0.7885036221192749,0.015503620831237226
0.467,0.038947374419994574,0.0,0.18898255656910407,0.7905875326801002,0.014940831444211102
0.468,0.03897480708334159,0.0,0.1888926684463933,0.7926695778935893,0.01439848478633133
0.46900000000000003,0.03900223974668861,0.0,0.1888422391323669,0.7947499496232573,0.013875838297086666
0.47000000000000003,0.039029672410035625,0.0,0.18882714266282855,0.7968288222764419,0.013372176388690938
0.47100000000000003,0.03905710507338264,0.0,0.1888436417429489,0.7989063542517253,0.01288680946632733
0.47200000000000003,0.03908453773672966,0.0,0.18888835249054475,0.800982689290441,0.012419072983981268
0.47300000000000003,0.03911197040007667,0.0,0.18895821216639772,0.803057957734285,0.011968326534569187
0.47400000000000003,0.039139403063423686,0.0,0.18905044967007298,0.8051322776919219,0.01153395297311738
0.47500000000000003,0.0391668357267707,0.0,0.189162558591784,0.8072057561181286,0.011115357571790477
0.47600000000000003,0.03919426839011772,0.0,0.1892922726228241,0.8092784898094966,0.010711967205612606
0.47700000000000004,0.03922170105346474,0.0,0.18943754313867356,0.8113505663210278,0.01032322956776637
0.47800000000000004,0.039249133716811754,0.0,0.18959651878052614,0.8134220648081498,0.009948612413395267
0.47900000000000004,0.039276566380158764,0.0,0.18976752687226178,0.8154930567987558,0.009587602830874183
0.48,0.03930399904350578,0.0,0.1899490565207246,0.8175636068998727,0.009239706539550226
0.481,0.0393314317068528,0.0,0.19013974325763502,0.8196337734434895,0.008904447212992297
0.482,0.039358864370199816,0.0,0.19033835509209654,0.8217036090759495,0.008581365826823095
0.483,0.03938629703354683,0.0,0.1905437798515203,0.8237731612951574,0.00827002003024023
0.484,0.03941372969689384,0.0,0.19075501369881528,0.8258424729396511,0.007969983540366276
0.485,0.03944116236024086,0.0,0.19097115072200582,0.8279115826333867,0.007680845558598392
0.486,0.03946859502358788,0.0,0.19119137350056917,0.8299805251898608,0.0074022102081584325
0.487,0.039496027686934894,0.0,0.19141494456101993,0.8320493319789714,0.007133695992073442
0.488,0.03952346035028191,0.0,0.19164119864094653,0.8341180312597931,0.006874935270844451
0.489,0.03955089301362892,0.0,0.19186953568777562,0.8361866484822178,0.006625573759088386
0.49,0.03957832567697594,0.0,0.19209941452476717,0.8382552065601995,0.006385270040463942
0.491,0.039605758340322955,0.0,0.1923303471225067,0.8403237261191283,0.006153695100217247
0.492,0.03963319100366997,0.0,0.19256189341965105,0.8423922257196677,0.005930531874707322
0.493,0.03966062366701699,0.0,0.19279365664145284,0.8444607220601935,0.005715474817294547
0.494,0.039688056330364006,0.0,0.19302527906953232,0.846529230159802,0.005508229479997766
0.495,0.03971548899371102,0.0,0.19325643822004798,0.8485977635236835,0.005308512110347266
0.496,0.039742921657058033,0.0,0.19348684339188668,0.8506663342925086,0.005116049262881629
0.497,0.03977035432040505,0.0,0.19371623254945128,0.8527349533773266,0.004930577424756565
0.498,0.03979778698375207,0.0,0.19394436950829128,0.8548036305813436,0.004751842654953102
0.499,0.039825219647099085,0.0,0.19417104139457259,0.856872374709827,0.0045796002365911526
0.5,0.0398526523104461,0.0,0.19439605635209173,0.8589411936692686,0.004413614341872429
0.501,0.03988008497379311,0.0,0.19461924147307091,0.8610100945568342,0.004253657709193952
0.502,0.03990751763714013,0.0,0.19484044093115288,0.8630790837410368,0.0040995113319900614
0.503,0.039934950300487146,0.0,0.19505951429699642,0.8651481669344766,0.003950964158876926
0.504,0.03996238296383416,0.0,0.19527633501889705,0.8672173492594188,0.003807812804688975
0.505,0.03998981562718118,0.0,0.19549078905242437,0.8692866353069033,0.0036698612720116263
0.506,0.0400172482905282,0.0,0.19570277362447064,0.8713560291900165,0.003536920682829053
0.507,0.04004468095387521,0.0,0.1959121961188044,0.8734255345918952,0.00340880901991955
0.508,0.040072113617222224,0.0,0.19611897307120046,0.8754951548089772,0.0032853508776444474
0.509,0.04009954628056924,0.0,0.1963230292634106,0.877564892789965,0.003166377221789349
0.51,0.04012697894391626,0.0,0.19652429690644901,0.8796347511709225,0.003051725158128889
0.511,0.040154411607263275,0.0,0.1967227149043226,0.8817047323068874,0.00294123770939812
0.512,0.04018184427061029,0.0,0.1969182281904337,0.8837748383003391,0.00283476360036519
0.513,0.0402092769339573,0.0,0.19711078712944963,0.8858450710268351,0.00273215705071102
0.514,0.04023670959730432,0.0,0.19730034697829052,0.8879154321580945,0.0026332775754324086
0.515,0.04026414226065134,0.0,0.19748686740032315,0.8899859231827815,0.002537989792495288
0.516,0.040291574923998354,0.0,0.19767031202767757,0.8920565454252142,0.0024461632374747654
0.517,0.04031900758734537,0.0,0.19785064806685151,0.894127300062209,0.0023576721849281725
0.518,0.04034644025069239,0.0,0.19802784594328418,0.8961981881382418,0.0022723954762565494
0.519,0.0403738729140394,0.0,0.19820187898125807,0.898269210579093,0.0021902163538188783
0.52,0.040401305577386415,0.0,0.19837272311549262,0.9003403682041304,0.0021110223010719405
0.521,0.04042873824073343,0.0,0.19854035663119782,0.9024116617373616,0.0020347048885169263
0.522,0.04045617090408045,0.0,0.19870475993016712,0.9044830918173806,0.00196115962524187
0.523,0.040483603567427466,0.0,0.1988659153198377,0.9065546590063177,0.0018902858158566492
0.524,0.04051103623077448,0.0,0.1990238068234772,0.9086263637978936,0.0018219864226246686
0.525,0.04053846889412149,0.0,0.1991784200091055,0.9106982066246647,0.0017561679326024648
0.526,0.04056590155746851,0.0,0.19932974183551047,0.9127701878645426,0.001692740229605325
0.527,0.04059333422081553,0.0,0.19947776051349161,0.9148423078466579,0.0016316164708236177
0.528,0.040620766884162544,0.0,0.19962246538095274,0.9169145668566367,0.0015727129679209066
0.529,0.04064819954750956,0.0,0.1997638467904192,0.918986965141346,0.0015159490724510475
0.53,0.04067563221085658,0.0,0.19990189600771313,0.9210595029131622,0.0014612470654373903
0.531,0.04070306487420359,0.0,0.20003660512078247,0.92313218035381,0.0014085320509628978
0.532,0.040730497537550606,0.0,0.20016796695759004,0.9252049976178157,0.0013577318536254917
0.533,0.04075793020089762,0.0,0.20029597501207957,0.9272779548356133,0.001308776919718225
0.534,0.04078536286424464,0.0,0.20042062337769628,0.9293510521163355,0.0012616002219989785
0.535,0.04081279552759166,0.0,0.20054190668742564,0.9314242895503256,0.0012161371679193004
0.536,0.040840228190938674,0.0,0.2006598200598207,0.9334976672113954,0.0011723255111867324
0.537,0.040867660854285684,0.0,0.20077435905042756,0.9355711851588553,0.001130105266539544
0.538,0.0408950935176327,0.0,0.2008855196081191,0.9376448434393392,0.001089418627617183
0.539,0.04092252618097972,0.0,0.20099329803563837,0.9397186420884464,0.0010502098878139938
0.54,0.040949958844326735,0.0,0.20109769095420876,0.9417925811322154,0.0010124253640078434
0.541,0.04097739150767375,0.0,0.20119869527169362,0.9438666605884508,0.0009760133230592227
0.542,0.04100482417102076,0.0,0.2012963081537943,0.945940880467915,0.00094092391098019
0.543,0.04103225683436778,0.0,0.20139052699832236,0.9480152407753996,0.0009071090846761784
0.544,0.041059689497714796,0.0,0.20148134941181464,0.9500897415106884,0.0008745225461672096
0.545,0.04108712216106181,0.0,0.20156877318873528,0.9521643826694227,0.0008431196791984525
0.546,0.04111455482440883,0.0,0.2016527962925504,0.954239164243879,0.000812857488153336
0.547,0.04114198748775585,0.0,0.20173341683881565,0.956314086223668,0.0007836945391855789
0.548,0.041169420151102865,0.0,0.20181063307989872,0.9583891485963628,0.0007555909034895361
0.549,0.041196852814449875,0.0,0.20188444339126535,0.9604643513480629,0.0007285081026311895
0.55,0.04122428547779689,0.0,0.20195484625914728,0.9625396944639019,0.0007024090558649327
0.551,0.04125171814114391,0.0,0.2020218402693532,0.9646151779285032,0.0006772580293640185
0.552,0.041279150804490926,0.0,0.20208542409734107,0.9666908017263889,0.0006530205872951559
0.553,0.04130658346783794,0.0,0.20214559649915212,0.9687665658423488,0.0006296635446702706
0.554,0.04133401613118495,0.0,0.20220235630335542,0.9708424702617698,0.000607154921910876
0.555,0.04136144879453197,0.0,0.2022557024037696,0.9729185149709346,0.0005854639010628449
0.556,0.04138888145787899,0.0,0.20230563375282173,0.9749946999572877,0.0005645607836016339
0.557,0.041416314121226004,0.0,0.20235214935572562,0.9770710252096761,0.0005444169497701867
0.558,0.04144374678457302,0.0,0.20239524826515337,0.9791474907185648,0.0005250048193938479
0.559,0.04147117944792004,0.0,0.20243492957641512,0.9812240964762311,0.0005062978141186312
0.56,0.04149861211126705,0.0,0.20247119242320574,0.9833008424769393,0.0004882703210211429
0.561,0.041526044774614065,0.0,0.2025040359737523,0.9853777287170974,0.0004708976575403378
0.562,0.04155347743796108,0.0,0.20253345942725523,0.987454755195399,0.0004541560376830904
0.5630000000000001,0.0415809101013081,0.0,0.20255946201081565,0.9895319219129506,0.000438022539457314
0.5640000000000001,0.04160834276465512,0.0,0.20258204297660612,0.9916092288733854,0.00042247507348803674
0.5650000000000001,0.041635775428002134,0.0,0.20260120159933045,0.9936866760829678,0.0004074923527734657
0.5660000000000001,0.041663208091349144,0.0,0.20261693717393456,0.9957642635506856,0.00039305386353963
0.5670000000000001,0.04169064075469616,0.0,0.20262924901359441,0.9978419912883355,0.00037913983715369827
0.5680000000000001,0.04171807341804318,0.0,0.20263813645172918,0.9999198593104367,0.0003657312230575146
0.5690000000000001,0.041745506081390195,0.0,0.20264359838225032,1.0019978676530674,0.00035280966268429583
0.5700000000000001,0.04177293874473721,0.0,0.20264563211527295,1.0040760164207345,0.00034035746432277696
0.5710000000000001,0.04180037140808422,0.0,0.2026442352850406,1.006154305708228,0.00032835757889438977
0.5720000000000001,0.04182780407143124,0.0,0.20263940620791288,1.0082327355859668,0.0003167935766103099
0.5730000000000001,0.041855236734778256,0.0,0.20263114362084156,1.0103113061107136,0.0003056496244764122
0.5740000000000001,0.04188266939812527,0.0,0.20261944652138053,1.012390017332135,0.0002949104646153343
0.5750000000000001,0.04191010206147229,0.0,0.2026043140692581,1.0144688692968367,0.00028456139337596875
0.5760000000000001,0.04193753472481931,0.0,0.20258574552580141,1.0165478620508486,0.00027458824120178064
0.577,0.04196496738816632,0.0,0.20256374021651763,1.0186269956411609,0.00026497735323038814
0.578,0.041992400051513334,0.0,0.2025382975080515,1.020706270116675,0.0002557155705978378
0.579,0.04201983271486035,0.0,0.20250941679372506,1.022785685528796,0.0002467902124219924
0.58,0.04204726537820737,0.0,0.2024770974846389,1.0248652419318072,0.00023818905844034328
0.581,0.04207469804155438,0.0,0.20244133900399272,1.0269449393831054,0.00022990033227849013
0.582,0.042102130704901396,0.0,0.2024021407835022,1.029024777943356,0.00022191268532637546
0.583,0.04212956336824841,0.0,0.20235950226104654,1.0311047576765946,0.00021421518120019715
0.584,0.04215699603159543,0.0,0.2023134228791039,1.0331848786502977,0.00020679728076872583
0.585,0.04218442869494245,0.0,0.20226390208380068,1.0352651409354319,0.00019964882772352538
0.586,0.04221186135828946,0.0,0.2022109393240693,1.0373455446064928,0.00019276003467331992
0.587,0.042239294021636474,0.0,0.20215453405121483,1.0394260897415353,0.00018612146974346825
0.588,0.04226672668498349,0.0,0.20209468571844183,1.0415067764221986,0.00017972404366219818
0.589,0.04229415934833051,0.0,0.20203139378059864,1.0435876047337278,0.00017355899731591966
0.59,0.042321592011677525,0.0,0.2019646576938752,1.0456685747649956,0.0001676178897565782
0.591,0.04234902467502454,0.0,0.2018944769156668,1.0477496866085196,0.00016189258664462824
0.592,0.04237645733837156,0.0,0.20182085090432175,1.0498309403604815,0.00015637524911180334
0.593,0.04240389000171857,0.0,0.201743779119029,1.0519123361207445,0.0001510583230284348
0.594,0.042431322665065586,0.0,0.20166482825961013,1.053993809641013,0.00014593452866062294
0.595,0.0424587553284126,0.0,0.2016464536594377,1.0560727962011407,0.00014099685070310136
0.596,0.04248618799175962,0.0,0.20178349609351962,1.058145401934512,0.00013623852867414643
0.597,0.04251362065510664,0.0,0.20213707302118408,1.0602091265650204,0.00013165304765938164
0.598,0.04254105331845365,0.0,0.20274323895998675,1.0622625168307065,0.00012723412939180353
0.599,0.042568485981800665,0.0,0.20362258163966138,1.0643047777239918,0.00012297572365581612
0.6,0.04259591864514768,0.0,0.20478616139078754,1.0663355305374618,0.00011887200000350494
0.601,0.0426233513084947,0.0,0.20623919427346837,1.0683546613601171,0.00011491733977180829
0.602,0.042650783971841716,0.0,0.20798333177527933,1.0703622259409376,0.00011110632838965662
0.603,0.04267821663518873,0.0,0.2100180704711008,1.0723583896239512,0.0001074337479645467
0.604,0.04270564929853575,0.0,0.2123416233122638,1.0743433890928813,0.00010389457013840093
0.605,0.04273308196188276,0.0,0.21495145812553748,1.0763175076852964,0.00010048394920292963
0.606,0.04276051462522978,0.0,0.21784463052821376,1.0782810591662406,9.71972154650708e-05
0.607,0.042787947288576794,0.0,0.22101798988663426,1.080234376798551,9.40298688534232e-05
0.608,0.04281537995192381,0.0,0.22446830687727243,1.082177805756504,9.097757275691886e-05
0.609,0.04284281261527083,0.0,0.2281923526097817,1.084111697679133,8.80361480872995e-05
0.61,0.04287024527861784,0.0,0.23218694777281929,1.0860364066230002,8.5201567557267e-05
0.611,0.042897677941964855,0.0,0.23644899316015663,1.087952285959553,8.246995016647415e-05
0.612,0.04292511060531187,0.0,0.24097548855029116,1.0898596859369274,7.983755588780592e-05
0.613,0.04295254326865889,0.0,0.24576354421524194,1.091758951732253,7.730078054667591e-05
0.614,0.04297997593200591,0.0,0.25081038767669533,1.0936504218844518,7.485615088632694e-05
0.615,0.043007408595352924,0.0,0.25611336731605583,1.0955344270355938,7.250031981237938e-05
0.616,0.04303484125869994,0.0,0.26166995383023195,1.0974112889312508,7.023006181011635e-05
0.617,0.04306227392204695,0.0,0.2674777401540805,1.0992813196433353,6.804226852823091e-05
0.618,0.04308970658539397,0.0,0.27353444024920204,1.1011448209864776,6.593394452298932e-05
0.619,0.043117139248740985,0.0,0.2798378870266179,1.103002084103481,6.39022031569827e-05
0.62,0.043144571912088,0.0,0.2863860295938927,1.1048533891982057,6.194426264685255e-05
0.621,0.04317200457543502,0.0,0.29317692997038525,1.1066990053961934,6.0057442254578124e-05
0.622,0.04319943723878203,0.0,0.30020875938628333,1.1085391907149316,5.823915861711157e-05
0.623,0.043226869902129046,0.0,0.30747979426316363,1.1103741921270844,5.648692220933494e-05
0.624,0.04325430256547606,0.0,0.3149750529025742,1.1122046846089113,5.4798333935496726e-05
0.6249999999999998,0.043281287675248026,0.0,0.3219359614216129,1.114021560093084,5.317108351570187e-05
