Time [s],Lmtc [m],STIM [ ],fGM [N],fGL [N]
0.0,0.04003429412841797,-0.00030517578125,0.0553005151450634,0.0852450579404831
0.0004999999999999449,0.0400344580411911,0.001220703125,0.05546145141124725,0.08598104119300842
0.0010000000000000009,0.0400342121720314,0.0006103515625,0.0552092045545578,0.0849820077419281
0.0014999999999999458,0.04003415256738663,0.00030517578125,0.05544265732169151,0.08533930778503418
0.0020000000000000018,0.04003432020545006,0.00030517578125,0.055416639894247055,0.08678445965051651
0.0024999999999999467,0.04003426432609558,0.0006103515625,0.05538307502865791,0.08591821789741516
0.0030000000000000027,0.040033966302871704,0.00030517578125,0.05529668182134628,0.08531157672405243
0.0034999999999999476,0.04003404825925827,0.00030517578125,0.05520113557577133,0.08586522191762924
0.0040000000000000036,0.04003428667783737,0.00091552734375,0.05540905520319939,0.08546381443738937
0.0044999999999999485,0.04003394767642021,0.0,0.05496029928326607,0.08596357703208923
0.0050000000000000044,0.04003423824906349,0.0006103515625,0.055239852517843246,0.08445821702480316
0.005499999999999949,0.04003430902957916,0.0,0.05517030134797096,0.08625207841396332
0.006000000000000005,0.04003414884209633,0.00030517578125,0.05530621111392975,0.08605004847049713
0.00649999999999995,0.04003414511680603,0.00030517578125,0.05521213263273239,0.08586738258600235
0.007000000000000006,0.04003402218222618,0.00030517578125,0.05519064888358116,0.0854676142334938
0.007499999999999951,0.04003405570983887,0.00091552734375,0.05556805431842804,0.08536519855260849
0.008000000000000007,0.040033936500549316,0.0006103515625,0.055201638489961624,0.08642573654651642
0.008499999999999952,0.04003407433629036,0.00091552734375,0.05587748438119888,0.08599921315908432
0.009000000000000008,0.04003430902957916,0.0006103515625,0.05531374737620354,0.08632169663906097
0.009499999999999953,0.04003436490893364,0.00091552734375,0.05547376349568367,0.08589104562997818
0.010000000000000009,0.04003414884209633,0.00030517578125,0.05536871775984764,0.08587228506803513
0.010499999999999954,0.04003415256738663,0.0006103515625,0.055126335471868515,0.08541667461395264
0.01100000000000001,0.04003429412841797,0.00030517578125,0.05557141453027725,0.08545643836259842
0.011499999999999955,0.04003405570983887,0.00091552734375,0.055228665471076965,0.08552023023366928
0.01200000000000001,0.040034230798482895,0.0006103515625,0.055537380278110504,0.08547243475914001
0.012499999999999956,0.04003410413861275,0.0006103515625,0.05593033879995346,0.08603786677122116
0.013000000000000012,0.040034275501966476,0.0006103515625,0.05508106201887131,0.08560184389352798
0.013499999999999956,0.040034178644418716,0.00030517578125,0.05556753650307655,0.08615045994520187
0.014000000000000012,0.040033962577581406,0.0006103515625,0.055561162531375885,0.085464246571064
0.014499999999999957,0.04003405570983887,0.0006103515625,0.05575995147228241,0.08556970953941345
0.015000000000000013,0.04003385454416275,0.0,0.055887553840875626,0.08522605895996094
0.015499999999999958,0.04003440961241722,0.0,0.05582365393638611,0.08613639324903488
0.016000000000000014,0.04003428295254707,0.001220703125,0.05565919354557991,0.08594514429569244
0.01649999999999996,0.040034033358097076,0.00091552734375,0.05573854222893715,0.08634845167398453
0.017000000000000015,0.040034156292676926,0.00091552734375,0.055913690477609634,0.08564852923154831
0.01749999999999996,0.04003417491912842,0.0006103515625,0.05580582469701767,0.08512360602617264
0.018000000000000016,0.04003433138132095,0.00030517578125,0.05568046122789383,0.0855383425951004
0.01849999999999996,0.04003437981009483,0.00091552734375,0.05558084696531296,0.0851685181260109
0.019000000000000017,0.04003437981009483,0.0,0.05602811276912689,0.08579807728528976
0.019499999999999962,0.040034208446741104,0.0006103515625,0.05588587746024132,0.08589549362659454
0.020000000000000018,0.04003414511680603,0.00091552734375,0.05574467033147812,0.08621533960103989
0.020499999999999963,0.04003430902957916,0.00091552734375,0.05590438470244408,0.08610224723815918
0.02100000000000002,0.04003433510661125,0.001220703125,0.05592140927910805,0.08596360683441162
0.021499999999999964,0.04003434255719185,0.0006103515625,0.05566690117120743,0.08550338447093964
0.02200000000000002,0.040034279227256775,0.00030517578125,0.056196022778749466,0.08580298721790314
0.022499999999999964,0.040034227073192596,0.00030517578125,0.05573952943086624,0.08596716076135635
0.02300000000000002,0.04003426432609558,0.0006103515625,0.05599544197320938,0.08648501336574554
0.023499999999999965,0.04003399610519409,0.00030517578125,0.05570780858397484,0.0860929861664772
0.02400000000000002,0.04003407433629036,0.00091552734375,0.05605331063270569,0.08560089021921158
0.024499999999999966,0.04003423452377319,0.0006103515625,0.05579032003879547,0.08599741756916046
0.025000000000000022,0.04003393277525902,0.0006103515625,0.05562448501586914,0.08548589795827866
0.025499999999999967,0.040034517645835876,0.0006103515625,0.055752892047166824,0.08636859059333801
0.026000000000000023,0.040034301578998566,0.00030517578125,0.055555738508701324,0.0855654776096344
0.026499999999999968,0.040034204721450806,0.00030517578125,0.05574306473135948,0.08572966605424881
0.027000000000000024,0.040034301578998566,0.00030517578125,0.055698201060295105,0.08613822609186172
0.02749999999999997,0.04003440588712692,0.0006103515625,0.05551794171333313,0.08596036583185196
0.028000000000000025,0.04003439098596573,0.0006103515625,0.05515265092253685,0.08700966089963913
0.02849999999999997,0.040034227073192596,0.0006103515625,0.05567113682627678,0.08554032444953918
0.029000000000000026,0.04003462195396423,0.0006103515625,0.05601009726524353,0.08594689518213272
0.02949999999999997,0.04003416374325752,0.00030517578125,0.055302467197179794,0.08526883274316788
0.030000000000000027,0.04003426432609558,0.0006103515625,0.05550004541873932,0.08625359833240509
0.03049999999999997,0.040034256875514984,0.0006103515625,0.05572018399834633,0.08535947650671005
0.031000000000000028,0.04003429785370827,0.00030517578125,0.055874455720186234,0.08561840653419495
0.03149999999999997,0.040034398436546326,0.00091552734375,0.05517888814210892,0.08549606800079346
0.03200000000000003,0.04003458470106125,0.0006103515625,0.055994391441345215,0.08638222515583038
0.03249999999999997,0.040034219622612,0.0006103515625,0.055543623864650726,0.08505446463823318
0.03300000000000003,0.04003402218222618,0.00091552734375,0.05542105808854103,0.0858379527926445
0.033499999999999974,0.040034178644418716,0.00030517578125,0.055166568607091904,0.08556751161813736
0.03400000000000003,0.0400342121720314,0.0006103515625,0.0556342713534832,0.08568108081817627
0.034499999999999975,0.040034376084804535,0.0,0.0558239184319973,0.08593986928462982
0.03500000000000003,0.040034219622612,0.00030517578125,0.05509378761053085,0.08520793914794922
0.035499999999999976,0.04003459960222244,0.0006103515625,0.05540390685200691,0.08613107353448868
0.03600000000000003,0.04003423824906349,0.0,0.05537593737244606,0.08539175987243652
0.03649999999999998,0.04003416374325752,0.0006103515625,0.055341217666864395,0.08531394600868225
0.03700000000000003,0.04003402218222618,0.0,0.055047955363988876,0.08521430194377899
0.03749999999999998,0.04003433510661125,0.00030517578125,0.05563589930534363,0.08608167618513107
0.038000000000000034,0.04003417119383812,0.00030517578125,0.05491764843463898,0.08591871708631516
0.03849999999999998,0.04003415256738663,0.0006103515625,0.05524592101573944,0.08554165810346603
0.039000000000000035,0.04003437981009483,0.00091552734375,0.05544383451342583,0.08534896373748779
0.03949999999999998,0.04003442823886871,0.00091552734375,0.054926659911870956,0.08569329231977463
0.040000000000000036,0.040034305304288864,0.0006103515625,0.05535392463207245,0.08623586595058441
0.04049999999999998,0.040034081786870956,0.00030517578125,0.055259253829717636,0.0858287587761879
0.041000000000000036,0.04003439098596573,0.00030517578125,0.05551150068640709,0.08694819360971451
0.04149999999999998,0.04003390297293663,0.0006103515625,0.055394887924194336,0.08562324941158295
0.04200000000000004,0.04003404453396797,0.00030517578125,0.05555134266614914,0.0862632468342781
0.04249999999999998,0.040034227073192596,0.0006103515625,0.05517035722732544,0.08569995313882828
0.04300000000000004,0.04003409668803215,0.0,0.055758535861968994,0.08511357009410858
0.04349999999999998,0.040034305304288864,0.0006103515625,0.055211737751960754,0.08509550243616104
0.04400000000000004,0.04003416374325752,0.00030517578125,0.05577557161450386,0.08634138852357864
0.044499999999999984,0.04003426805138588,0.00091552734375,0.05549149960279465,0.0860232412815094
0.04500000000000004,0.040033970028162,0.0,0.05537470430135727,0.08566843718290329
0.045499999999999985,0.04003424942493439,0.00030517578125,0.055662937462329865,0.08572673052549362
0.04600000000000004,0.04003434628248215,0.0006103515625,0.05537515878677368,0.08536860346794128
0.046499999999999986,0.040034160017967224,0.00030517578125,0.055831074714660645,0.08569544553756714
0.04700000000000004,0.04003433138132095,0.00091552734375,0.05566634237766266,0.0841258242726326
0.04749999999999999,0.040034219622612,0.00091552734375,0.05600454658269882,0.08513704687356949
0.04800000000000004,0.04003415256738663,0.0006103515625,0.05549957603216171,0.08613834530115128
0.04849999999999999,0.04003407433629036,0.0006103515625,0.05544111877679825,0.0857708677649498
0.049000000000000044,0.040034402161836624,0.00091552734375,0.0560133270919323,0.08620771020650864
0.04949999999999999,0.04003402963280678,0.0006103515625,0.055391646921634674,0.08533427119255066
0.050000000000000044,0.04003436863422394,0.00030517578125,0.055678535252809525,0.08610977232456207
0.05049999999999999,0.040033970028162,0.0,0.055653467774391174,0.08510573953390121
0.051000000000000045,0.040034256875514984,0.0006103515625,0.05602265149354935,0.08521882444620132
0.05149999999999999,0.040034130215644836,0.0006103515625,0.05561745911836624,0.08588424324989319
0.052000000000000046,0.04003420099616051,0.00091552734375,0.05583338066935539,0.08624229580163956
0.05249999999999999,0.04003426060080528,0.0006103515625,0.055821653455495834,0.08591704070568085
0.05300000000000005,0.04003399610519409,0.00030517578125,0.055813781917095184,0.08539445698261261
0.05349999999999999,0.04003407806158066,0.0006103515625,0.05572863295674324,0.08553300052881241
0.05400000000000005,0.04003390297293663,0.0006103515625,0.05600573122501373,0.08519653975963593
0.05449999999999999,0.04003436863422394,0.0006103515625,0.05614455044269562,0.08588595688343048
0.05500000000000005,0.04003386199474335,0.00091552734375,0.05592508614063263,0.08505336195230484
0.055499999999999994,0.040034253150224686,0.00091552734375,0.05595288798213005,0.08613813668489456
0.05600000000000005,0.040034160017967224,0.0006103515625,0.05552100017666817,0.08527062088251114
0.056499999999999995,0.040034219622612,0.0,0.055522944778203964,0.08584820479154587
0.05700000000000005,0.04003407806158066,0.00091552734375,0.05564405396580696,0.08507551997900009
0.057499999999999996,0.04003399983048439,0.00030517578125,0.05615731328725815,0.08494416624307632
0.05800000000000005,0.04003414884209633,0.0006103515625,0.055400554090738297,0.08587007969617844
0.058499999999999996,0.040034219622612,0.0006103515625,0.05565411597490311,0.08680882304906845
0.05900000000000005,0.04003430902957916,0.0006103515625,0.055523280054330826,0.08649282157421112
0.0595,0.04003431648015976,0.0006103515625,0.055401261895895004,0.085425965487957
0.06000000000000005,0.04003439098596573,0.0006103515625,0.05564038082957268,0.08573705703020096
0.0605,0.04003416746854782,0.0006103515625,0.05588288977742195,0.08547515422105789
0.061000000000000054,0.040034253150224686,0.00091552734375,0.056150976568460464,0.08614806085824966
0.0615,0.04003430902957916,0.0006103515625,0.05552436783909798,0.08601708710193634
0.062000000000000055,0.04003426432609558,0.0006103515625,0.05589105188846588,0.08578203618526459
0.0625,0.04003438726067543,0.0006103515625,0.05549067631363869,0.08689332008361816
0.06299999999999994,0.04003412276506424,0.00030517578125,0.055418942123651505,0.08537054061889648
0.0635,0.04003417491912842,0.0006103515625,0.055876150727272034,0.08543799817562103
0.06399999999999995,0.040034204721450806,0.00091552734375,0.05540161207318306,0.08532893657684326
0.0645,0.04003424942493439,0.0006103515625,0.05575067177414894,0.08538977801799774
0.06499999999999995,0.04003404825925827,0.00030517578125,0.055468909442424774,0.08556661009788513
0.0655,0.040034323930740356,0.0006103515625,0.05595824494957924,0.08628402650356293
0.06599999999999995,0.040034219622612,0.0006103515625,0.05559953302145004,0.08585597574710846
0.0665,0.040034350007772446,0.00030517578125,0.055701471865177155,0.08682741224765778
0.06699999999999995,0.04003402590751648,0.00030517578125,0.055322304368019104,0.08578542619943619
0.0675,0.040034107863903046,0.0006103515625,0.05577246844768524,0.0853368416428566
0.06799999999999995,0.040034327656030655,0.00091552734375,0.05573199316859245,0.08613049983978271
0.0685,0.04003416374325752,0.00030517578125,0.05508244037628174,0.08567376434803009
0.06899999999999995,0.04003435745835304,0.00030517578125,0.05577103793621063,0.08626832813024521
0.0695,0.04003413766622543,0.0006103515625,0.055446088314056396,0.08599083125591278
0.06999999999999995,0.040034353733062744,0.0006103515625,0.05521663650870323,0.08589449524879456
0.07050000000000001,0.04003416746854782,0.0006103515625,0.055165715515613556,0.08509761095046997
0.07099999999999995,0.040034178644418716,0.00091552734375,0.055503036826848984,0.08525285124778748
0.07150000000000001,0.040034230798482895,0.00091552734375,0.05528825521469116,0.08545742928981781
0.07199999999999995,0.040033988654613495,0.0006103515625,0.05570434033870697,0.08577443659305573
0.07250000000000001,0.04003431275486946,0.0006103515625,0.055452611297369,0.08654265105724335
0.07299999999999995,0.04003400355577469,0.0006103515625,0.05535134673118591,0.0861627385020256
0.07350000000000001,0.04003433883190155,0.00030517578125,0.05544494464993477,0.08632068336009979
0.07399999999999995,0.04003419727087021,0.00030517578125,0.055615928024053574,0.08447534590959549
0.07450000000000001,0.04003429040312767,0.0006103515625,0.055770210921764374,0.08651628345251083
0.07499999999999996,0.04003406688570976,0.0006103515625,0.05545613914728165,0.08519302308559418
0.07550000000000001,0.040034350007772446,0.0006103515625,0.05585533007979393,0.08593541383743286
0.07599999999999996,0.04003404080867767,0.0006103515625,0.05545743554830551,0.08608823269605637
0.07650000000000001,0.04003392532467842,0.00030517578125,0.055973779410123825,0.08589436113834381
0.07699999999999996,0.04003416746854782,0.00091552734375,0.055818215012550354,0.08532096445560455
0.07750000000000001,0.04003438726067543,0.0006103515625,0.055083516985177994,0.08540350198745728
0.07799999999999996,0.0400342121720314,0.00030517578125,0.055698543787002563,0.08519336581230164
0.07850000000000001,0.04003388434648514,0.00030517578125,0.055513955652713776,0.08545580506324768
0.07899999999999996,0.04003435745835304,0.0006103515625,0.0554719902575016,0.08647718280553818
0.07950000000000002,0.040034037083387375,0.0006103515625,0.0558185949921608,0.08600128442049026
0.07999999999999996,0.04003430902957916,0.00030517578125,0.05529941990971565,0.0862502008676529
0.08050000000000002,0.04003419354557991,0.0,0.05569010227918625,0.08518849313259125
0.08099999999999996,0.040034372359514236,0.0006103515625,0.056144338101148605,0.08655580878257751
0.08150000000000002,0.040034011006355286,0.00030517578125,0.055513035506010056,0.08470518887042999
0.08199999999999996,0.04003395885229111,0.00030517578125,0.05558798089623451,0.08556172996759415
0.08250000000000002,0.04003436863422394,0.00030517578125,0.05584989860653877,0.08656555414199829
0.08299999999999996,0.0400339737534523,0.0006103515625,0.05589241161942482,0.08586835116147995
0.08350000000000002,0.04003420099616051,0.0006103515625,0.055665288120508194,0.08667946606874466
0.08399999999999996,0.04003407061100006,0.00030517578125,0.05567916855216026,0.08571754395961761
0.08450000000000002,0.04003440961241722,0.00030517578125,0.05607287213206291,0.08639342337846756
0.08499999999999996,0.040034081786870956,0.0,0.05556029453873634,0.08542277663946152
0.08550000000000002,0.04003400728106499,0.0,0.05628928169608116,0.08496061712503433
0.08599999999999997,0.040034275501966476,0.00091552734375,0.055767837911844254,0.0859401673078537
0.08650000000000002,0.040034063160419464,0.00030517578125,0.05559289827942848,0.08648597449064255
0.08699999999999997,0.04003408923745155,0.0006103515625,0.0554768368601799,0.08591726422309875
0.08750000000000002,0.040034279227256775,0.0006103515625,0.05559895932674408,0.08614283055067062
0.08799999999999997,0.04003431275486946,0.00030517578125,0.05607718974351883,0.08645997941493988
0.08850000000000002,0.04003384709358215,0.0,0.05579451471567154,0.08502857387065887
0.08899999999999997,0.04003429785370827,0.00091552734375,0.05626955255866051,0.08654292672872543
0.08950000000000002,0.04003394395112991,0.00030517578125,0.05610600858926773,0.08597636967897415
0.08999999999999997,0.04003439471125603,0.0006103515625,0.05609413608908653,0.08643010258674622
0.09050000000000002,0.040034107863903046,0.00030517578125,0.056234437972307205,0.08559048920869827
0.09099999999999997,0.040034156292676926,0.0006103515625,0.05601117014884949,0.08613764494657516
0.09150000000000003,0.04003444314002991,0.00091552734375,0.05570203438401222,0.08550863713026047
0.09199999999999997,0.04003394767642021,0.0006103515625,0.05573262274265289,0.08552991598844528
0.09250000000000003,0.04003440588712692,0.00030517578125,0.055647414177656174,0.08551078289747238
0.09299999999999997,0.04003409668803215,0.0006103515625,0.055975668132305145,0.08572510629892349
0.09350000000000003,0.0400342158973217,0.0006103515625,0.05603977292776108,0.08634442090988159
0.09399999999999997,0.04003395140171051,0.0006103515625,0.05589958280324936,0.0855482965707779
0.09450000000000003,0.040034446865320206,0.0006103515625,0.05605028197169304,0.0858898013830185
0.09499999999999997,0.04003414511680603,0.00030517578125,0.0559709295630455,0.08529406785964966
0.09550000000000003,0.040034323930740356,0.0006103515625,0.05594044551253319,0.08588848263025284
0.09599999999999997,0.040033984929323196,0.0006103515625,0.05585121363401413,0.08595822751522064
0.09650000000000003,0.04003407061100006,0.00030517578125,0.05568684637546539,0.08612868189811707
0.09699999999999998,0.04003432020545006,0.0006103515625,0.05549631267786026,0.0868472009897232
0.09750000000000003,0.04003385081887245,0.00030517578125,0.055849235504865646,0.08596276491880417
0.09799999999999998,0.040034085512161255,0.00030517578125,0.055763471871614456,0.08564548939466476
0.09850000000000003,0.04003411903977394,0.0006103515625,0.05573886260390282,0.08549222350120544
0.09899999999999998,0.04003436118364334,0.0006103515625,0.0557042732834816,0.0855753943324089
0.09950000000000003,0.040034160017967224,0.00030517578125,0.055921949446201324,0.08486335724592209
0.09999999999999998,0.04003440588712692,0.0,0.05604974180459976,0.08624299615621567
0.10050000000000003,0.04003435745835304,0.00030517578125,0.05569225549697876,0.08611586689949036
0.10099999999999998,0.04003431648015976,0.00030517578125,0.05555015057325363,0.08644931018352509
0.10150000000000003,0.040034219622612,0.0006103515625,0.05547073483467102,0.08586205542087555
0.10199999999999998,0.040034160017967224,0.00091552734375,0.055203042924404144,0.08553334325551987
0.10250000000000004,0.04003455489873886,0.0006103515625,0.0556487999856472,0.08573008328676224
0.10299999999999998,0.04003426060080528,0.0006103515625,0.055508244782686234,0.08569259941577911
0.10350000000000004,0.04003433510661125,0.0006103515625,0.05527343973517418,0.08581671118736267
0.10399999999999998,0.04003407061100006,0.00030517578125,0.055500440299510956,0.08583725243806839
0.10450000000000004,0.0400344543159008,0.00030517578125,0.05520803481340408,0.08663776516914368
0.10499999999999998,0.04003423452377319,0.0,0.055060625076293945,0.08585565537214279
0.10550000000000004,0.040034059435129166,0.0006103515625,0.055677324533462524,0.08567678928375244
0.10599999999999998,0.04003419727087021,0.0006103515625,0.05570840835571289,0.08595319837331772
0.10650000000000004,0.040033940225839615,0.0006103515625,0.05533177778124809,0.08573046326637268
0.10699999999999998,0.04003426432609558,0.0006103515625,0.05509511008858681,0.08687243610620499
0.10750000000000004,0.040034063160419464,0.0006103515625,0.05575591325759888,0.08569210022687912
0.10799999999999998,0.04003423452377319,0.00030517578125,0.05563058331608772,0.08577052503824234
0.10850000000000004,0.04003428295254707,0.00030517578125,0.054916612803936005,0.08529344201087952
0.10899999999999999,0.040034376084804535,0.00030517578125,0.05586021766066551,0.08632787317037582
0.10950000000000004,0.04003423824906349,0.00091552734375,0.05510510131716728,0.08565147966146469
0.10999999999999999,0.04003433138132095,0.00091552734375,0.05517479032278061,0.08596879988908768
0.11050000000000004,0.040033984929323196,0.00091552734375,0.055442746728658676,0.08542640507221222
0.11099999999999999,0.04003434628248215,0.0,0.055423520505428314,0.08565156906843185
0.11150000000000004,0.040034350007772446,0.00091552734375,0.05579076707363129,0.08541862666606903
0.11199999999999999,0.04003405198454857,0.00030517578125,0.05512659624218941,0.08551616221666336
0.11250000000000004,0.04003450274467468,0.0006103515625,0.05592108517885208,0.08527838438749313
0.11299999999999999,0.040034063160419464,0.00030517578125,0.05540183186531067,0.08590834587812424
0.11350000000000005,0.04003423452377319,0.00091552734375,0.05561709403991699,0.08607600629329681
0.11399999999999999,0.04003407433629036,0.00030517578125,0.0556676983833313,0.08614752441644669
0.11450000000000005,0.040034592151641846,0.0006103515625,0.055447258055210114,0.08670549094676971
0.11499999999999999,0.04003409668803215,0.0006103515625,0.05585058405995369,0.08576349914073944
0.11550000000000005,0.040033817291259766,0.0,0.055281560868024826,0.08571647852659225
0.11599999999999999,0.04003410041332245,0.00030517578125,0.05563085898756981,0.08471839129924774
0.11650000000000005,0.040034107863903046,0.0,0.05536765232682228,0.08538441359996796
0.11699999999999999,0.04003426432609558,0.00030517578125,0.05573501065373421,0.08568959683179855
0.11750000000000005,0.040034279227256775,0.00091552734375,0.055578671395778656,0.08567046374082565
0.118,0.04003453999757767,0.0006103515625,0.05561104416847229,0.08574620634317398
0.11850000000000005,0.040034033358097076,0.0006103515625,0.055512890219688416,0.08540773391723633
0.119,0.04003428667783737,0.0006103515625,0.05540096387267113,0.08626620471477509
0.11950000000000005,0.040033966302871704,0.0006103515625,0.05555715411901474,0.08591947704553604
0.12,0.04003409668803215,0.0,0.05579531565308571,0.0852077528834343
0.12050000000000005,0.040034156292676926,0.0006103515625,0.05566393956542015,0.08592895418405533
0.121,0.040033936500549316,0.0,0.05575735867023468,0.08687801659107208
0.12150000000000005,0.040034402161836624,0.00030517578125,0.055915310978889465,0.0855957418680191
0.122,0.04003411903977394,0.00030517578125,0.05587795376777649,0.0857793390750885
0.12250000000000005,0.040034323930740356,0.0006103515625,0.05556753650307655,0.08524277061223984
0.123,0.04003417491912842,0.0006103515625,0.05546426400542259,0.08567512035369873
0.12350000000000005,0.040034230798482895,0.0006103515625,0.05555490404367447,0.08591663837432861
0.124,0.04003407806158066,0.0,0.05566613748669624,0.08489610254764557
0.12450000000000006,0.040034275501966476,0.0006103515625,0.05610600858926773,0.08645758777856827
0.125,0.040034178644418716,0.0006103515625,0.05584566295146942,0.0856415256857872
0.12549999999999994,0.040034130215644836,0.00091552734375,0.05564285069704056,0.0861782506108284
0.126,0.04003417119383812,0.00030517578125,0.05578594654798508,0.0861959159374237
0.12649999999999995,0.040034059435129166,0.0006103515625,0.05584540218114853,0.0862918272614479
0.127,0.04003434255719185,0.00030517578125,0.055656250566244125,0.08612409979104996
0.12749999999999995,0.040033914148807526,0.00030517578125,0.05573302134871483,0.08567111939191818
0.128,0.04003440588712692,0.0006103515625,0.056158971041440964,0.0857808068394661
0.12849999999999995,0.040034219622612,0.0006103515625,0.05609430372714996,0.08605261147022247
0.129,0.04003426432609558,0.0,0.05607783794403076,0.08612961322069168
0.12949999999999995,0.040034256875514984,0.00030517578125,0.055998437106609344,0.08547431975603104
0.13,0.040034085512161255,0.00091552734375,0.05601082742214203,0.08668556809425354
0.13049999999999995,0.04003411903977394,0.00030517578125,0.05598803982138634,0.08527837693691254
0.131,0.040034323930740356,0.0,0.05620155856013298,0.08583839237689972
0.13149999999999995,0.040034085512161255,0.00091552734375,0.056154992431402206,0.08603359013795853
0.132,0.04003406688570976,0.00030517578125,0.05601876601576805,0.08599593490362167
0.13249999999999995,0.040034111589193344,0.0006103515625,0.05582801625132561,0.08631014823913574
0.133,0.04003443196415901,0.0006103515625,0.05573490634560585,0.08574064821004868
0.13349999999999995,0.04003402218222618,0.0006103515625,0.056042108684778214,0.08587104082107544
0.134,0.040034219622612,0.0006103515625,0.05569640174508095,0.0858263149857521
0.13449999999999995,0.04003434628248215,0.001220703125,0.05612029880285263,0.08671951293945312
0.135,0.04003407061100006,0.00030517578125,0.05547993630170822,0.08564992994070053
0.13549999999999995,0.04003407061100006,0.0,0.05569224804639816,0.08693414181470871
0.136,0.04003429412841797,0.00030517578125,0.05619794875383377,0.08576030284166336
0.13649999999999995,0.04003438353538513,0.0,0.05586408078670502,0.0857342928647995
0.137,0.04003423824906349,0.00030517578125,0.05553612485527992,0.08595845848321915
0.13749999999999996,0.04003429412841797,0.0006103515625,0.055922284722328186,0.08571255952119827
0.138,0.04003448039293289,0.00030517578125,0.05549456924200058,0.08646712452173233
0.13849999999999996,0.040034156292676926,0.0006103515625,0.055647436529397964,0.08561541140079498
0.139,0.04003423452377319,0.0,0.055927831679582596,0.08622805774211884
0.13949999999999996,0.040034279227256775,0.00030517578125,0.055656466633081436,0.08634600043296814
0.14,0.04003434628248215,0.00030517578125,0.05563421919941902,0.08633601665496826
0.14049999999999996,0.04003431275486946,-0.00030517578125,0.05536874011158943,0.08575425297021866
0.14100000000000001,0.040034204721450806,0.00091552734375,0.055719003081321716,0.08590934425592422
0.14149999999999996,0.04003434628248215,0.0006103515625,0.05513608083128929,0.0865560844540596
0.14200000000000002,0.04003412649035454,0.00030517578125,0.055232368409633636,0.08603106439113617
0.14249999999999996,0.04003430902957916,0.00030517578125,0.055460818111896515,0.08593223989009857
0.14300000000000002,0.04003407806158066,0.0006103515625,0.05575677752494812,0.08614812046289444
0.14349999999999996,0.04003424197435379,0.0006103515625,0.05553722009062767,0.0855945348739624
0.14400000000000002,0.04003402218222618,0.0,0.055097244679927826,0.08554035425186157
0.14449999999999996,0.04003448784351349,0.00030517578125,0.05513976141810417,0.0863235667347908
0.14500000000000002,0.04003424569964409,0.0006103515625,0.055556029081344604,0.08576559275388718
0.14549999999999996,0.04003402590751648,0.00091552734375,0.05531982332468033,0.08602938055992126
0.14600000000000002,0.040034033358097076,0.0,0.05497676506638527,0.08605670928955078
0.14649999999999996,0.04003426060080528,0.00030517578125,0.05539916828274727,0.08658275008201599
0.14700000000000002,0.04003399610519409,0.00091552734375,0.05542757734656334,0.08697971701622009
0.14749999999999996,0.04003402218222618,-0.00030517578125,0.05559678003191948,0.08492925018072128
0.14800000000000002,0.040034495294094086,0.00030517578125,0.05552103742957115,0.0870187059044838
0.14849999999999997,0.04003416374325752,0.0,0.055278945714235306,0.08592480421066284
0.14900000000000002,0.0400342158973217,0.0006103515625,0.05560009554028511,0.08681134879589081
0.14949999999999997,0.04003406688570976,0.0006103515625,0.05544356256723404,0.08558431267738342
0.15000000000000002,0.04003415256738663,0.0006103515625,0.05544387176632881,0.08605270832777023
0.15049999999999997,0.040034398436546326,0.00030517578125,0.05554596707224846,0.08451221883296967
0.15100000000000002,0.04003404825925827,0.0006103515625,0.055577538907527924,0.0854816660284996
0.15149999999999997,0.04003408923745155,0.0006103515625,0.05561132729053497,0.08569774031639099
0.15200000000000002,0.04003417491912842,0.0006103515625,0.05570898577570915,0.0860527902841568
0.15249999999999997,0.040034107863903046,0.0006103515625,0.05515417829155922,0.0859467014670372
0.15300000000000002,0.040034133940935135,0.0006103515625,0.05589023604989052,0.08616218715906143
0.15349999999999997,0.04003424197435379,0.00030517578125,0.05544208735227585,0.08610992878675461
0.15400000000000003,0.040034085512161255,0.00030517578125,0.05577671155333519,0.08541996031999588
0.15449999999999997,0.040034323930740356,0.0006103515625,0.055944111198186874,0.08681133389472961
0.15500000000000003,0.04003411903977394,0.00030517578125,0.05539136752486229,0.08628848195075989
0.15549999999999997,0.04003417491912842,0.0006103515625,0.05563260614871979,0.08651679009199142
0.15600000000000003,0.04003420099616051,0.00030517578125,0.055594414472579956,0.08612067252397537
0.15649999999999997,0.040034301578998566,0.00030517578125,0.055722083896398544,0.08622027188539505
0.15700000000000003,0.04003404825925827,0.0,0.05537211894989014,0.08510846644639969
0.15749999999999997,0.040034219622612,0.0006103515625,0.056198008358478546,0.08579675853252411
0.15800000000000003,0.04003439471125603,0.00030517578125,0.05551055073738098,0.08551029860973358
0.15849999999999997,0.04003426432609558,0.0006103515625,0.05540377274155617,0.08622868359088898
0.15900000000000003,0.040034133940935135,0.0,0.05566290766000748,0.0861310213804245
0.15949999999999998,0.04003412649035454,-0.00030517578125,0.055842362344264984,0.08606937527656555
0.16000000000000003,0.04003423452377319,0.0006103515625,0.055805325508117676,0.0865163654088974
0.16049999999999998,0.04003419354557991,0.0006103515625,0.05565870180726051,0.08541743457317352
0.16100000000000003,0.04003429040312767,0.00091552734375,0.05570930615067482,0.08592762053012848
0.16149999999999998,0.040034085512161255,0.00091552734375,0.05554316192865372,0.08563590049743652
0.16200000000000003,0.04003440588712692,0.0006103515625,0.05529933422803879,0.08548127114772797
0.16249999999999998,0.04003441706299782,0.00091552734375,0.05604640394449234,0.0861947312951088
0.16300000000000003,0.04003423452377319,0.0006103515625,0.05626225098967552,0.08616692572832108
0.16349999999999998,0.040034204721450806,0.00030517578125,0.055871594697237015,0.08562470972537994
0.16400000000000003,0.04003412276506424,0.0006103515625,0.05602360516786575,0.08572527021169662
0.16449999999999998,0.040034350007772446,0.0006103515625,0.05540594458580017,0.0858936458826065
0.16500000000000004,0.0400342121720314,0.00030517578125,0.05558325722813606,0.08574676513671875
0.16549999999999998,0.04003413766622543,0.00091552734375,0.05579296499490738,0.08616878092288971
0.16600000000000004,0.040034208446741104,0.00091552734375,0.05585619434714317,0.0846894234418869
0.16649999999999998,0.04003426805138588,0.0006103515625,0.05550413951277733,0.0854295939207077
0.16700000000000004,0.04003423452377319,0.0006103515625,0.0553973987698555,0.08578888326883316
0.16749999999999998,0.040034275501966476,0.00030517578125,0.05557762086391449,0.08549554646015167
0.16800000000000004,0.04003430902957916,0.00030517578125,0.05547793209552765,0.08565608412027359
0.16849999999999998,0.040034208446741104,0.00091552734375,0.05579032748937607,0.08572084456682205
0.16900000000000004,0.04003399610519409,0.0006103515625,0.0557214692234993,0.08628544956445694
0.16949999999999998,0.040034275501966476,0.00091552734375,0.05546189844608307,0.08600673824548721
0.17000000000000004,0.040034301578998566,0.0006103515625,0.0560201033949852,0.0856923758983612
0.17049999999999998,0.040034182369709015,0.00091552734375,0.05554042384028435,0.08532754331827164
0.17100000000000004,0.04003416374325752,0.0006103515625,0.055393289774656296,0.08628462255001068
0.17149999999999999,0.04003412276506424,0.0006103515625,0.05559840425848961,0.08561071008443832
0.17200000000000004,0.04003426060080528,0.0006103515625,0.0560624822974205,0.0861605852842331
0.1725,0.04003420099616051,0.0006103515625,0.05560958385467529,0.08547484129667282
0.17300000000000004,0.04003423452377319,0.0006103515625,0.05585435405373573,0.08597015589475632
0.1735,0.04003410413861275,0.0006103515625,0.05612291395664215,0.085181325674057
0.17400000000000004,0.04003416746854782,0.0006103515625,0.05574451759457588,0.08452501893043518
0.1745,0.04003435745835304,0.00030517578125,0.05551883950829506,0.08524838089942932
0.17500000000000004,0.04003413766622543,0.00030517578125,0.05571413412690163,0.08572328090667725
0.1755,0.04003423452377319,0.00091552734375,0.055698178708553314,0.08543943613767624
0.17600000000000005,0.040033966302871704,0.0006103515625,0.055423323065042496,0.08554533123970032
0.1765,0.04003426432609558,0.0006103515625,0.05571052432060242,0.08660183846950531
0.17700000000000005,0.040034014731645584,0.0006103515625,0.0557771697640419,0.08544887602329254
0.1775,0.04003404080867767,0.00030517578125,0.05559445917606354,0.08468519151210785
0.17800000000000005,0.04003412649035454,0.00091552734375,0.05528309568762779,0.0852372795343399
0.1785,0.04003424197435379,0.00030517578125,0.0557650625705719,0.08523696660995483
0.17900000000000005,0.04003411531448364,0.00091552734375,0.05530316010117531,0.08526919037103653
0.1795,0.04003418609499931,0.00030517578125,0.05609336867928505,0.08569831401109695
0.18000000000000005,0.04003428667783737,0.0006103515625,0.05585028603672981,0.08595456182956696
0.1805,0.04003419354557991,0.00030517578125,0.055321305990219116,0.08540500700473785
0.18100000000000005,0.040034130215644836,0.00030517578125,0.055717840790748596,0.08622949570417404
0.1815,0.04003418609499931,0.0006103515625,0.05598011612892151,0.08461648970842361
0.18200000000000005,0.04003434255719185,0.00091552734375,0.055949367582798004,0.08595160394906998
0.1825,0.04003389924764633,0.00030517578125,0.0553143247961998,0.08560895919799805
0.18300000000000005,0.040034219622612,0.00030517578125,0.055996377021074295,0.08656957000494003
0.1835,0.04003414884209633,0.00091552734375,0.055296383798122406,0.08572724461555481
0.18400000000000005,0.04003423824906349,0.00030517578125,0.05559965968132019,0.08529718220233917
0.1845,0.04003407061100006,0.0,0.05559397116303444,0.08562876284122467
0.18500000000000005,0.04003413766622543,0.0006103515625,0.05532977730035782,0.08586306124925613
0.1855,0.04003424942493439,0.00030517578125,0.0557054728269577,0.08554639667272568
0.18600000000000005,0.04003413766622543,0.001220703125,0.05609001964330673,0.08436599373817444
0.1865,0.040034279227256775,0.00030517578125,0.055262401700019836,0.0859912633895874
0.18700000000000006,0.040034219622612,0.0006103515625,0.05554202198982239,0.08592674881219864
0.1875,0.04003436490893364,0.00030517578125,0.05572956055402756,0.08642736077308655
0.18799999999999994,0.04003416746854782,0.00091552734375,0.05552928149700165,0.08548849076032639
0.1885,0.04003418609499931,0.0006103515625,0.05553338676691055,0.08503816276788712
0.18899999999999995,0.040034178644418716,0.00030517578125,0.05557698756456375,0.08566007763147354
0.1895,0.0400342233479023,0.0006103515625,0.05564183369278908,0.08572439104318619
0.18999999999999995,0.04003438726067543,0.0006103515625,0.05586529150605202,0.0865408331155777
0.1905,0.04003400355577469,0.0006103515625,0.05553378537297249,0.08495976775884628
0.19099999999999995,0.040034085512161255,0.0006103515625,0.05583912134170532,0.08584900945425034
0.1915,0.0400337316095829,0.0006103515625,0.05572010576725006,0.08535980433225632
0.19199999999999995,0.04003438726067543,0.00091552734375,0.05608987808227539,0.08583852648735046
0.1925,0.04003410041332245,0.0006103515625,0.055519118905067444,0.08533795177936554
0.19299999999999995,0.04003414511680603,0.0006103515625,0.056102119386196136,0.08665893226861954
0.1935,0.04003409296274185,0.0006103515625,0.055551573634147644,0.08496756106615067
0.19399999999999995,0.04003385826945305,-0.00030517578125,0.05624920129776001,0.08522982895374298
0.1945,0.040034130215644836,0.00091552734375,0.055697593837976456,0.08598823845386505
0.19499999999999995,0.04003419727087021,0.0006103515625,0.0557553805410862,0.08541499823331833
0.1955,0.04003413766622543,0.00030517578125,0.05592001974582672,0.08570311218500137
0.19599999999999995,0.04003414511680603,0.00030517578125,0.05561766400933266,0.08470359444618225
0.1965,0.04003450274467468,0.0006103515625,0.05563151836395264,0.0869501382112503
0.19699999999999995,0.04003402590751648,0.0006103515625,0.0558384507894516,0.08611008524894714
0.1975,0.04003426060080528,0.00030517578125,0.05607848986983299,0.08609446883201599
0.19799999999999995,0.040034208446741104,0.00091552734375,0.05568844452500343,0.08577889949083328
0.1985,0.04003402218222618,0.0006103515625,0.05625364929437637,0.08561024814844131
0.19899999999999995,0.04003416746854782,0.00030517578125,0.05531082674860954,0.08481360971927643
0.1995,0.04003424569964409,0.0,0.05580180883407593,0.08559797704219818
0.19999999999999996,0.04003428295254707,0.0,0.055771905928850174,0.08590281754732132
0.2005,0.04003411903977394,0.0006103515625,0.05593429505825043,0.08674997836351395
0.20099999999999996,0.04003436863422394,0.00030517578125,0.055702559649944305,0.0866365060210228
0.2015,0.04003407061100006,0.00030517578125,0.055676598101854324,0.0854887142777443
0.20199999999999996,0.04003431648015976,0.0006103515625,0.055910542607307434,0.08588813245296478
0.2025,0.0400339737534523,0.0006103515625,0.05531579256057739,0.08528539538383484
0.20299999999999996,0.04003412649035454,0.00030517578125,0.0555780827999115,0.08622675389051437
0.20350000000000001,0.04003404080867767,0.00030517578125,0.055472902953624725,0.0856717973947525
0.20399999999999996,0.040034178644418716,0.00030517578125,0.05525292828679085,0.08606953173875809
0.20450000000000002,0.04003433510661125,0.00030517578125,0.05548427253961563,0.08680563420057297
0.20499999999999996,0.040034323930740356,0.00030517578125,0.055477969348430634,0.08542431890964508
0.20550000000000002,0.040034275501966476,0.0006103515625,0.055555686354637146,0.08571513742208481
0.20599999999999996,0.04003404825925827,0.0006103515625,0.05588781088590622,0.085188128054142
0.20650000000000002,0.04003438353538513,0.00091552734375,0.05580727756023407,0.08636057376861572
0.20699999999999996,0.040033891797065735,0.00030517578125,0.05586427077651024,0.08578930795192719
0.20750000000000002,0.04003414139151573,0.0006103515625,0.05533883720636368,0.08653924614191055
0.20799999999999996,0.040034219622612,0.0,0.05558551475405693,0.08616448938846588
0.20850000000000002,0.0400344580411911,0.00030517578125,0.05566112697124481,0.08676242083311081
0.20899999999999996,0.04003411903977394,0.0006103515625,0.05546235293149948,0.08550459146499634
0.20950000000000002,0.040034305304288864,0.00030517578125,0.05572031810879707,0.08614553511142731
0.20999999999999996,0.04003419727087021,0.0006103515625,0.05565034970641136,0.0870082825422287
0.21050000000000002,0.040034059435129166,0.0006103515625,0.05563411861658096,0.08648921549320221
0.21099999999999997,0.040034275501966476,0.0006103515625,0.055424101650714874,0.08552758395671844
0.21150000000000002,0.04003389552235603,0.0006103515625,0.05551304295659065,0.0854746550321579
0.21199999999999997,0.04003486782312393,0.0006103515625,0.055512040853500366,0.08687705546617508
0.21250000000000002,0.04003414139151573,0.00030517578125,0.055071715265512466,0.08582954853773117
0.21299999999999997,0.04003401845693588,0.00030517578125,0.055757515132427216,0.08623567223548889
0.21350000000000002,0.04003426805138588,0.0006103515625,0.055978551506996155,0.085665263235569
0.21399999999999997,0.04003411531448364,0.0006103515625,0.05582505837082863,0.0861082524061203
0.21450000000000002,0.040034081786870956,0.0,0.05545654520392418,0.08591420203447342
0.21499999999999997,0.04003431275486946,0.0,0.05590159818530083,0.08540946990251541
0.21550000000000002,0.04003455489873886,0.0006103515625,0.05544329434633255,0.0859939306974411
0.21599999999999997,0.040034204721450806,0.00030517578125,0.055449873208999634,0.08615757524967194
0.21650000000000003,0.04003450646996498,0.00091552734375,0.05540234223008156,0.08596927672624588
0.21699999999999997,0.04003407433629036,0.0006103515625,0.05560896173119545,0.08605437725782394
0.21750000000000003,0.04003426060080528,0.0006103515625,0.055771730840206146,0.0870405063033104
0.21799999999999997,0.04003404453396797,0.00030517578125,0.05542481318116188,0.08571062982082367
0.21850000000000003,0.04003433883190155,0.00030517578125,0.055276740342378616,0.08623996376991272
0.21899999999999997,0.04003410413861275,0.00030517578125,0.05512334033846855,0.08511796593666077
0.21950000000000003,0.04003420099616051,0.0006103515625,0.05591180548071861,0.08514907956123352
0.21999999999999997,0.040034301578998566,0.00030517578125,0.05526629090309143,0.08562196791172028
0.22050000000000003,0.04003402963280678,0.00091552734375,0.05538898706436157,0.08650010079145432
0.22099999999999997,0.040034130215644836,0.00030517578125,0.05541488900780678,0.08632759004831314
0.22150000000000003,0.040033988654613495,0.00030517578125,0.05550919473171234,0.08595442771911621
0.22199999999999998,0.04003432020545006,0.0006103515625,0.0555855892598629,0.08621296286582947
0.22250000000000003,0.04003416374325752,0.0006103515625,0.05544639751315117,0.08584406971931458
0.22299999999999998,0.040034275501966476,0.0006103515625,0.05553630739450455,0.08543885499238968
0.22350000000000003,0.04003440588712692,0.00030517578125,0.05550852790474892,0.08520194888114929
0.22399999999999998,0.040034279227256775,0.00030517578125,0.055754177272319794,0.08688609302043915
0.22450000000000003,0.04003418609499931,0.0006103515625,0.05497277155518532,0.08591416478157043
0.22499999999999998,0.040034059435129166,0.0006103515625,0.05584456026554108,0.08561035245656967
0.22550000000000003,0.040034085512161255,0.0006103515625,0.05572638660669327,0.085396409034729
0.22599999999999998,0.04003375023603439,0.00030517578125,0.055307481437921524,0.08526414632797241
0.22650000000000003,0.040034133940935135,0.00030517578125,0.055929068475961685,0.08593489974737167
0.22699999999999998,0.04003400728106499,0.00030517578125,0.05588813126087189,0.08541852980852127
0.22750000000000004,0.040034420788288116,0.0006103515625,0.055723998695611954,0.08601953834295273
0.22799999999999998,0.040034014731645584,0.00030517578125,0.0555894561111927,0.08615151047706604
0.22850000000000004,0.04003423452377319,0.0006103515625,0.055699996650218964,0.08663534373044968
0.22899999999999998,0.04003423824906349,0.00030517578125,0.0558617077767849,0.08529007434844971
0.22950000000000004,0.04003405198454857,0.0,0.05550257861614227,0.08588812500238419
0.22999999999999998,0.04003433138132095,0.00030517578125,0.056052129715681076,0.08543014526367188
0.23050000000000004,0.04003419354557991,0.0006103515625,0.05592756345868111,0.08671236038208008
0.23099999999999998,0.04003439098596573,0.00030517578125,0.05588958412408829,0.0860094204545021
0.23150000000000004,0.04003426432609558,0.0006103515625,0.055683039128780365,0.08582397550344467
0.23199999999999998,0.04003420099616051,0.00091552734375,0.0558631457388401,0.08637356758117676
0.23250000000000004,0.04003407433629036,0.0006103515625,0.05562884360551834,0.08607673645019531
0.23299999999999998,0.04003418982028961,0.0006103515625,0.05572855472564697,0.08598583191633224
0.23350000000000004,0.040034219622612,0.00091552734375,0.055511996150016785,0.08561640977859497
0.23399999999999999,0.040034208446741104,0.0006103515625,0.05581565201282501,0.08622119575738907
0.23450000000000004,0.04003424197435379,0.00091552734375,0.05564938485622406,0.08603294938802719
0.235,0.04003414511680603,0.0006103515625,0.056239258497953415,0.08598741888999939
0.23550000000000004,0.04003431275486946,0.0006103515625,0.05600510165095329,0.08620753884315491
0.236,0.04003395140171051,0.00091552734375,0.05550139397382736,0.08609569072723389
0.23650000000000004,0.04003424942493439,0.0006103515625,0.05573074519634247,0.08628768473863602
0.237,0.040034279227256775,0.00091552734375,0.055630873888731,0.08591572940349579
0.23750000000000004,0.04003409296274185,0.0,0.05607793480157852,0.08607588708400726
0.238,0.04003402963280678,0.00030517578125,0.055627238005399704,0.08633778989315033
0.23850000000000005,0.0400342158973217,0.001220703125,0.05550028383731842,0.08668623864650726
0.239,0.04003389552235603,0.0006103515625,0.05599992722272873,0.0849008783698082
0.23950000000000005,0.04003402963280678,0.00030517578125,0.056086909025907516,0.08534703403711319
0.24,0.04003429785370827,0.00030517578125,0.05611942335963249,0.08529094606637955
0.24050000000000005,0.04003406688570976,0.0006103515625,0.055871497839689255,0.08583419770002365
0.241,0.04003407061100006,0.001220703125,0.05586375668644905,0.08508434891700745
0.24150000000000005,0.0400339774787426,0.0,0.05585141107439995,0.08645090460777283
0.242,0.040034256875514984,0.00030517578125,0.05581311881542206,0.08633728325366974
0.24250000000000005,0.04003385826945305,0.0006103515625,0.055333275347948074,0.08651231229305267
0.243,0.04003412649035454,0.0006103515625,0.05552878603339195,0.08611471951007843
0.24350000000000005,0.04003420099616051,0.00030517578125,0.05523626506328583,0.08596458286046982
0.244,0.040034178644418716,0.0006103515625,0.05536220967769623,0.08617999404668808
0.24450000000000005,0.04003411903977394,0.00091552734375,0.05596442520618439,0.08604517579078674
0.245,0.04003418609499931,0.00091552734375,0.0554361529648304,0.08750848472118378
0.24550000000000005,0.040034495294094086,0.0006103515625,0.05529191344976425,0.08653301745653152
0.246,0.04003416374325752,0.0006103515625,0.055738870054483414,0.08573907613754272
0.24650000000000005,0.04003453999757767,0.0006103515625,0.055404674261808395,0.08669035136699677
0.247,0.04003424942493439,0.00091552734375,0.055884949862957,0.08571512252092361
0.24750000000000005,0.04003419354557991,0.0006103515625,0.05568312108516693,0.08590171486139297
0.248,0.04003423452377319,0.00030517578125,0.055950507521629333,0.08571562170982361
0.24850000000000005,0.04003434628248215,0.0006103515625,0.05577787756919861,0.0865001454949379
0.249,0.040034156292676926,0.0006103515625,0.05611451715230942,0.0866725966334343
0.24950000000000006,0.04003407061100006,0.0006103515625,0.05571002885699272,0.08644302189350128
0.25,0.040034204721450806,0.00030517578125,0.05553017184138298,0.08631201833486557
0.25049999999999994,0.04003411903977394,0.00091552734375,0.05583907663822174,0.0864083394408226
0.251,0.04003419727087021,0.00152587890625,0.055204663425683975,0.08586563915014267
0.25149999999999995,0.04003382846713066,0.0006103515625,0.055554986000061035,0.0864759087562561
0.252,0.04003420099616051,0.0006103515625,0.05556579306721687,0.08726944029331207
0.25249999999999995,0.04003410413861275,0.00030517578125,0.05538779869675636,0.08638940751552582
0.253,0.04003437981009483,0.00091552734375,0.05534161254763603,0.0860014334321022
0.25349999999999995,0.04003433138132095,0.0006103515625,0.055881939828395844,0.08553626388311386
0.254,0.040034327656030655,0.0006103515625,0.05577683448791504,0.08679699897766113
0.25449999999999995,0.04003407061100006,0.00030517578125,0.05537685379385948,0.08639296144247055
0.255,0.04003415256738663,0.0006103515625,0.056070324033498764,0.0862141102552414
0.25549999999999995,0.04003443941473961,0.0006103515625,0.055287525057792664,0.08691203594207764
0.256,0.04003429040312767,0.0006103515625,0.055768173187971115,0.08599989116191864
0.25649999999999995,0.040034323930740356,0.00091552734375,0.05556894466280937,0.08624408394098282
0.257,0.04003406688570976,0.00030517578125,0.05567521974444389,0.08539724349975586
0.25749999999999995,0.04003423452377319,-0.00030517578125,0.05561278760433197,0.08543425798416138
0.258,0.04003417119383812,0.0,0.0551786907017231,0.08678355813026428
0.25849999999999995,0.04003418609499931,0.0,0.05566287785768509,0.08741431683301926
0.259,0.040034275501966476,0.00030517578125,0.05566072463989258,0.08570799976587296
0.25949999999999995,0.04003415256738663,0.00030517578125,0.055701687932014465,0.08616194128990173
0.26,0.040034472942352295,0.001220703125,0.056001655757427216,0.08578606694936752
0.26049999999999995,0.04003420099616051,0.00091552734375,0.05546077340841293,0.08641687035560608
0.261,0.04003404825925827,0.0006103515625,0.05552491545677185,0.08626075088977814
0.26149999999999995,0.04003428295254707,0.00030517578125,0.05585712194442749,0.08589103817939758
0.262,0.04003442823886871,0.00030517578125,0.056024350225925446,0.08679302781820297
0.26249999999999996,0.0400339812040329,0.00030517578125,0.055512603372335434,0.08641915023326874
0.263,0.04003417119383812,0.0,0.05529898405075073,0.08639425039291382
0.26349999999999996,0.040033888071775436,0.00091552734375,0.055803727358579636,0.0861787497997284
0.264,0.040034059435129166,0.0006103515625,0.05569995194673538,0.08599133044481277
0.26449999999999996,0.04003409296274185,0.0006103515625,0.05540980026125908,0.08541126549243927
0.265,0.04003424942493439,0.0006103515625,0.05553656071424484,0.08629858493804932
0.26549999999999996,0.04003428295254707,0.0,0.05558237433433533,0.0860285609960556
0.266,0.04003416746854782,0.0006103515625,0.055622149258852005,0.08644327521324158
0.26649999999999996,0.040034208446741104,0.00030517578125,0.05582519620656967,0.08597265928983688
0.267,0.04003415256738663,0.00030517578125,0.05596140772104263,0.08553994446992874
0.26749999999999996,0.04003412649035454,0.00030517578125,0.05564194545149803,0.08540137857198715
0.268,0.04003429040312767,0.00030517578125,0.055763762444257736,0.08562977612018585
0.26849999999999996,0.04003408923745155,0.00091552734375,0.0555543415248394,0.08604293316602707
0.269,0.04003400728106499,0.0006103515625,0.0555509477853775,0.08653370290994644
0.26949999999999996,0.040034130215644836,0.0,0.055945731699466705,0.08521001040935516
0.27,0.04003429785370827,0.0006103515625,0.05573466420173645,0.08625579625368118
0.27049999999999996,0.04003419727087021,0.0006103515625,0.05564955249428749,0.08634258806705475
0.271,0.04003414511680603,0.0006103515625,0.05570611357688904,0.08535680919885635
0.27149999999999996,0.040034130215644836,0.00030517578125,0.05532228946685791,0.08653369545936584
0.272,0.040034256875514984,0.00091552734375,0.055882006883621216,0.08631016314029694
0.27249999999999996,0.040033984929323196,0.0006103515625,0.05554146319627762,0.08652598410844803
0.273,0.04003420099616051,0.0006103515625,0.05576478689908981,0.08617017418146133
0.27349999999999997,0.04003426805138588,0.00030517578125,0.05608280375599861,0.08579031378030777
0.274,0.04003429040312767,0.00030517578125,0.05553668737411499,0.08597344160079956
0.27449999999999997,0.04003404825925827,0.00091552734375,0.055890198796987534,0.08580798655748367
0.275,0.04003407061100006,0.00091552734375,0.05564494431018829,0.08607392758131027
0.27549999999999997,0.04003417491912842,0.0006103515625,0.05592045187950134,0.0859876424074173
0.276,0.04003424569964409,0.00030517578125,0.05564369633793831,0.08657792955636978
0.27649999999999997,0.04003410041332245,0.0006103515625,0.05540429428219795,0.08694733679294586
0.277,0.04003416374325752,0.0,0.05574534088373184,0.08590138703584671
0.27749999999999997,0.0400342233479023,0.0,0.05584583804011345,0.08594029396772385
0.278,0.040034085512161255,0.0006103515625,0.055098507553339005,0.0855812057852745
0.27849999999999997,0.04003424197435379,0.0,0.05557708069682121,0.0862894356250763
0.279,0.04003416746854782,0.00091552734375,0.055529821664094925,0.08626549690961838
0.27949999999999997,0.04003407433629036,0.0006103515625,0.055243056267499924,0.0859544649720192
0.28,0.04003418609499931,0.001220703125,0.05577205866575241,0.08596087992191315
0.28049999999999997,0.040034398436546326,0.00091552734375,0.05558869242668152,0.08674769848585129
0.281,0.040034037083387375,0.0,0.055379435420036316,0.08487487584352493
0.2815,0.04003420099616051,0.00030517578125,0.0557529516518116,0.08554722368717194
0.28200000000000003,0.040034305304288864,0.00030517578125,0.055694323033094406,0.08596053719520569
0.2825,0.04003414884209633,0.0006103515625,0.055531419813632965,0.08616916090250015
0.28300000000000003,0.040034111589193344,0.00091552734375,0.0551036112010479,0.08624164760112762
0.2835,0.04003415256738663,0.001220703125,0.05571436509490013,0.08620627224445343
0.28400000000000003,0.04003429412841797,0.00091552734375,0.05519808456301689,0.08645879477262497
0.2845,0.040034227073192596,0.00030517578125,0.05558834224939346,0.08561234176158905
0.28500000000000003,0.04003419727087021,0.00030517578125,0.055758170783519745,0.08579064905643463
0.2855,0.04003431648015976,0.0006103515625,0.05564984679222107,0.0857037678360939
0.28600000000000003,0.04003404825925827,0.0006103515625,0.055703312158584595,0.08599074184894562
0.2865,0.040034059435129166,0.0006103515625,0.055739857256412506,0.0862610712647438
0.28700000000000003,0.04003428295254707,0.0006103515625,0.055665165185928345,0.08663333207368851
0.2875,0.040034323930740356,0.0006103515625,0.05531354993581772,0.08581484109163284
0.28800000000000003,0.04003423824906349,0.001220703125,0.05565139278769493,0.08578629046678543
0.2885,0.0400342121720314,0.0006103515625,0.0557202510535717,0.086143858730793
0.28900000000000003,0.04003405570983887,0.0006103515625,0.056034304201602936,0.08532243221998215
0.2895,0.040034219622612,0.0006103515625,0.05523476004600525,0.08660873770713806
0.29000000000000004,0.04003424569964409,0.0,0.055468857288360596,0.08620994538068771
0.2905,0.04003433138132095,0.00091552734375,0.055545542389154434,0.08604834228754044
0.29100000000000004,0.04003390297293663,0.00030517578125,0.05534948408603668,0.08534587174654007
0.2915,0.04003394767642021,0.001220703125,0.05556740611791611,0.0867285281419754
0.29200000000000004,0.040034178644418716,0.0006103515625,0.055401094257831573,0.08632653206586838
0.2925,0.04003412649035454,0.00091552734375,0.055882230401039124,0.08559016138315201
0.29300000000000004,0.0400339812040329,0.00091552734375,0.055469077080488205,0.08589226007461548
0.2935,0.04003420099616051,0.0006103515625,0.055524520576000214,0.08673309534788132
0.29400000000000004,0.040034372359514236,0.0006103515625,0.055896177887916565,0.08710361272096634
0.2945,0.04003407061100006,0.00091552734375,0.055693503469228745,0.08551089465618134
0.29500000000000004,0.04003402590751648,0.00030517578125,0.055474575608968735,0.0863741934299469
0.2955,0.04003408923745155,0.0006103515625,0.05546913668513298,0.08563431352376938
0.29600000000000004,0.040034156292676926,0.001220703125,0.05560977756977081,0.08629650622606277
0.2965,0.04003416746854782,0.00030517578125,0.05562066659331322,0.08649337291717529
0.29700000000000004,0.040034182369709015,0.0006103515625,0.05549050122499466,0.0862012431025505
0.2975,0.04003429785370827,0.0006103515625,0.0554661862552166,0.0862351581454277
0.29800000000000004,0.04003410041332245,0.0006103515625,0.05580266937613487,0.08604417741298676
0.2985,0.04003452509641647,0.00030517578125,0.05529988929629326,0.08585112541913986
0.29900000000000004,0.04003410041332245,0.00091552734375,0.05568160116672516,0.08530023694038391
0.2995,0.040034111589193344,0.0006103515625,0.05560925230383873,0.08625131845474243
0.30000000000000004,0.04003404080867767,0.00030517578125,0.05529862642288208,0.08563922345638275
0.3005,0.04003444314002991,0.00091552734375,0.05574054270982742,0.08761920779943466
0.30100000000000005,0.04003407806158066,0.00030517578125,0.055335838347673416,0.08593502640724182
0.3015,0.04003420099616051,0.0,0.055455632507801056,0.08616284281015396
0.30200000000000005,0.040034111589193344,0.0006103515625,0.05587335303425789,0.08521990478038788
0.3025,0.04003414511680603,0.0006103515625,0.055933885276317596,0.08572094887495041
0.30300000000000005,0.040034085512161255,0.0006103515625,0.0552821159362793,0.08541048318147659
0.3035,0.040034111589193344,0.0006103515625,0.055399343371391296,0.08511319011449814
0.30400000000000005,0.04003432020545006,0.0,0.05576442927122116,0.0876801535487175
0.3045,0.04003399983048439,0.00030517578125,0.0554947666823864,0.08647484332323074
0.30500000000000005,0.04003440588712692,0.0006103515625,0.055438749492168427,0.08634563535451889
0.3055,0.040034081786870956,0.0006103515625,0.0556800477206707,0.08565003424882889
0.30600000000000005,0.04003429040312767,0.0006103515625,0.055669400840997696,0.08603944629430771
0.3065,0.04003414139151573,0.00030517578125,0.05555315315723419,0.08536973595619202
0.30700000000000005,0.04003417491912842,0.00091552734375,0.05611773580312729,0.08703318983316422
0.3075,0.04003418982028961,0.001220703125,0.05547858402132988,0.0858398824930191
0.30800000000000005,0.0400342233479023,0.0006103515625,0.05555789917707443,0.08669103682041168
0.3085,0.04003428667783737,0.0006103515625,0.05606722831726074,0.08597918599843979
0.30900000000000005,0.04003417491912842,0.00030517578125,0.05559341609477997,0.08537300676107407
0.3095,0.04003436118364334,0.00030517578125,0.05567010119557381,0.0860070064663887
0.31000000000000005,0.04003404453396797,0.00091552734375,0.05546850711107254,0.0855691060423851
0.3105,0.04003417119383812,0.00030517578125,0.05598632991313934,0.08583961427211761
0.31100000000000005,0.04003414139151573,0.00091552734375,0.05538713186979294,0.08539792150259018
0.3115,0.040034279227256775,0.0006103515625,0.05589861795306206,0.0861862525343895
0.31200000000000006,0.040034227073192596,0.00030517578125,0.055716775357723236,0.08636213839054108
0.3125,0.04003414139151573,0.0006103515625,0.05575529485940933,0.08595719933509827
0.31299999999999994,0.04003405198454857,0.0,0.05546322092413902,0.08566145598888397
0.3135,0.040034182369709015,0.0006103515625,0.05586359649896622,0.08514920622110367
0.31399999999999995,0.040034450590610504,0.0006103515625,0.0558873787522316,0.08651205897331238
0.3145,0.04003407806158066,0.0006103515625,0.05577322840690613,0.08546660840511322
0.31499999999999995,0.04003417491912842,0.0006103515625,0.055889688432216644,0.0855424702167511
0.3155,0.040034178644418716,0.0006103515625,0.05582490563392639,0.08543823659420013
0.31599999999999995,0.040034450590610504,0.0,0.05577141046524048,0.0863351821899414
0.3165,0.04003407061100006,0.00030517578125,0.05539267510175705,0.08523652702569962
0.31699999999999995,0.040034327656030655,0.0006103515625,0.05628956854343414,0.08549738675355911
0.3175,0.040034323930740356,0.00030517578125,0.05544636771082878,0.0855899229645729
0.31799999999999995,0.04003409296274185,0.0006103515625,0.05565139278769493,0.08559535443782806
0.3185,0.04003417119383812,0.00091552734375,0.05537712201476097,0.08623417466878891
0.31899999999999995,0.040034219622612,0.00091552734375,0.0556831881403923,0.08549010753631592
0.3195,0.04003419727087021,0.00030517578125,0.0558258593082428,0.08566733449697495
0.31999999999999995,0.04003411903977394,0.0006103515625,0.05543074756860733,0.08505074679851532
0.3205,0.04003431275486946,0.001220703125,0.055841173976659775,0.0871928483247757
0.32099999999999995,0.04003388434648514,0.00030517578125,0.05579518526792526,0.08593340218067169
0.3215,0.040034037083387375,0.00091552734375,0.05576309189200401,0.0860280767083168
0.32199999999999995,0.040034107863903046,0.00030517578125,0.05564528703689575,0.08597496896982193
0.3225,0.040034160017967224,0.0,0.05596740171313286,0.08625564724206924
0.32299999999999995,0.04003415256738663,0.0006103515625,0.05592538043856621,0.08508951961994171
0.3235,0.040034230798482895,0.0006103515625,0.05587022006511688,0.08505963534116745
0.32399999999999995,0.04003428667783737,0.0006103515625,0.055814504623413086,0.0859682559967041
0.3245,0.04003424569964409,0.0006103515625,0.05561647564172745,0.0857304260134697
0.32499999999999996,0.04003424197435379,0.0006103515625,0.05547640100121498,0.08634240925312042
0.3255,0.040033940225839615,0.0006103515625,0.0555424690246582,0.08605878055095673
0.32599999999999996,0.04003417119383812,0.0,0.0560491718351841,0.08608058840036392
0.3265,0.04003395140171051,0.0006103515625,0.05587349086999893,0.08575912564992905
0.32699999999999996,0.04003409668803215,0.0006103515625,0.055844057351350784,0.08540698140859604
0.3275,0.04003439471125603,0.00091552734375,0.05607541278004646,0.08528029173612595
0.32799999999999996,0.040034081786870956,0.0006103515625,0.055549003183841705,0.08642968535423279
0.3285,0.04003427177667618,0.0,0.05565612390637398,0.0862540602684021
0.32899999999999996,0.040034011006355286,0.0006103515625,0.05554316192865372,0.08556109666824341
0.3295,0.040034156292676926,0.0006103515625,0.0556684285402298,0.08608020842075348
0.32999999999999996,0.04003413766622543,0.0006103515625,0.055566463619470596,0.08605658262968063
0.3305,0.04003429785370827,0.0006103515625,0.056232377886772156,0.08608942478895187
0.33099999999999996,0.04003389924764633,0.00030517578125,0.05601033940911293,0.08457472175359726
0.3315,0.04003433138132095,0.0006103515625,0.055774543434381485,0.08602303266525269
0.33199999999999996,0.04003416746854782,0.00030517578125,0.05584088712930679,0.08571674674749374
0.3325,0.040034472942352295,0.0006103515625,0.05565011501312256,0.08615757524967194
0.33299999999999996,0.04003439098596573,-0.00030517578125,0.05589263141155243,0.08646038919687271
0.3335,0.04003417119383812,0.0006103515625,0.05554590001702309,0.0859227329492569
0.33399999999999996,0.040034279227256775,0.00030517578125,0.05574341490864754,0.08610554784536362
0.3345,0.040034081786870956,0.00030517578125,0.055528536438941956,0.08616562932729721
0.33499999999999996,0.04003414511680603,0.00030517578125,0.05561019480228424,0.08685661107301712
0.3355,0.040034111589193344,0.00030517578125,0.055550940334796906,0.08581136912107468
0.33599999999999997,0.040034033358097076,0.00030517578125,0.05624448508024216,0.08653970062732697
0.3365,0.040033984929323196,0.0006103515625,0.0556294210255146,0.08588696271181107
0.33699999999999997,0.04003434628248215,-0.00030517578125,0.05601996183395386,0.08584748953580856
0.3375,0.04003417491912842,0.00030517578125,0.055763449519872665,0.08569609373807907
0.33799999999999997,0.04003402218222618,-0.00030517578125,0.0556848868727684,0.08544331789016724
0.3385,0.040033966302871704,0.0006103515625,0.05621504411101341,0.0868297591805458
0.33899999999999997,0.040033869445323944,0.0006103515625,0.055873993784189224,0.08600533753633499
0.3395,0.040034472942352295,0.0,0.055680908262729645,0.08685854822397232
0.33999999999999997,0.04003388062119484,0.001220703125,0.05607859790325165,0.08556096255779266
0.3405,0.040034133940935135,0.0006103515625,0.055952660739421844,0.08644307404756546
0.34099999999999997,0.04003410041332245,0.0006103515625,0.05559177324175835,0.08562547713518143
0.3415,0.04003435745835304,0.00091552734375,0.055666353553533554,0.08630187809467316
0.34199999999999997,0.040034178644418716,0.0006103515625,0.05540229380130768,0.0863289162516594
0.3425,0.04003426805138588,0.00091552734375,0.05583575367927551,0.08731592446565628
0.34299999999999997,0.040034219622612,0.0006103515625,0.05593442544341087,0.08584722131490707
0.3435,0.04003410413861275,0.0006103515625,0.05585014820098877,0.08567236363887787
0.344,0.0400344543159008,0.0006103515625,0.05618370324373245,0.08607452362775803
0.34450000000000003,0.04003400728106499,0.00091552734375,0.055457085371017456,0.08507486432790756
0.345,0.040034107863903046,0.00030517578125,0.056118275970220566,0.08614759892225266
0.34550000000000003,0.04003402963280678,0.0006103515625,0.05563785508275032,0.08523466438055038
0.346,0.040034275501966476,0.0006103515625,0.05571688339114189,0.086933434009552
0.34650000000000003,0.040034014731645584,0.00091552734375,0.05547776445746422,0.08677979558706284
0.347,0.04003399983048439,0.00030517578125,0.055668581277132034,0.08638805896043777
0.34750000000000003,0.040034156292676926,0.00030517578125,0.055117134004831314,0.08635102212429047
0.348,0.04003417119383812,0.0006103515625,0.055677447468042374,0.0856461450457573
0.34850000000000003,0.040034182369709015,0.00030517578125,0.05574438348412514,0.08609381318092346
0.349,0.040034219622612,0.00030517578125,0.055788554251194,0.08680399507284164
0.34950000000000003,0.04003419727087021,0.00030517578125,0.05557927116751671,0.08706769347190857
0.35,0.040034230798482895,0.00091552734375,0.05563385412096977,0.08694431930780411
0.35050000000000003,0.04003429040312767,0.0006103515625,0.05551972985267639,0.08636704087257385
0.351,0.04003395885229111,0.0006103515625,0.055798571556806564,0.08517428487539291
0.35150000000000003,0.04003418609499931,0.0006103515625,0.055811408907175064,0.08631349354982376
0.352,0.04003407061100006,0.00030517578125,0.0554935596883297,0.08626045286655426
0.35250000000000004,0.04003427177667618,0.0006103515625,0.05611975118517876,0.08630730956792831
0.353,0.04003430902957916,0.0006103515625,0.055449631065130234,0.0868939459323883
0.35350000000000004,0.040034204721450806,0.0006103515625,0.05619513988494873,0.08559315651655197
0.354,0.04003437981009483,0.00030517578125,0.05581223592162132,0.08803273737430573
0.35450000000000004,0.04003420099616051,0.0006103515625,0.05580480024218559,0.08584370464086533
0.355,0.04003429412841797,0.00091552734375,0.0559249110519886,0.08583586663007736
0.35550000000000004,0.04003418609499931,0.0006103515625,0.05554930493235588,0.08483148366212845
0.356,0.04003441333770752,0.0006103515625,0.05621445178985596,0.08586714416742325
0.35650000000000004,0.04003412276506424,0.0006103515625,0.055474020540714264,0.08610901236534119
0.357,0.040034219622612,0.0006103515625,0.055704470723867416,0.0866115465760231
0.35750000000000004,0.04003447666764259,0.00091552734375,0.05566657334566116,0.08571913838386536
0.358,0.04003443941473961,0.0006103515625,0.055376794189214706,0.08640467375516891
0.35850000000000004,0.04003404825925827,0.00030517578125,0.05539551004767418,0.08588939160108566
0.359,0.04003411531448364,0.00091552734375,0.05563923716545105,0.08549129962921143
0.35950000000000004,0.04003440588712692,0.0,0.05581013858318329,0.08664900809526443
0.36,0.040033988654613495,0.0,0.055443424731492996,0.08558226376771927
0.36050000000000004,0.04003420099616051,0.00030517578125,0.055708277970552444,0.0868525430560112
0.361,0.04003410041332245,0.0006103515625,0.055681172758340836,0.08655736595392227
0.36150000000000004,0.04003418609499931,0.0006103515625,0.05582082271575928,0.08536333590745926
0.362,0.040034227073192596,0.00091552734375,0.05558239668607712,0.08494560420513153
0.36250000000000004,0.04003418982028961,0.0006103515625,0.05554606020450592,0.08611756563186646
0.363,0.040034130215644836,0.00030517578125,0.055537622421979904,0.08663865923881531
0.36350000000000005,0.040034107863903046,0.00030517578125,0.05584926903247833,0.08623947948217392
0.364,0.040034376084804535,0.0006103515625,0.05550527945160866,0.08616179972887039
0.36450000000000005,0.04003407806158066,0.00030517578125,0.05577603727579117,0.08565004169940948
0.365,0.04003443568944931,0.00030517578125,0.055616430938243866,0.08653586357831955
0.36550000000000005,0.04003402218222618,0.0006103515625,0.05554468184709549,0.08477980643510818
0.366,0.040034227073192596,0.00091552734375,0.05599576234817505,0.08618269860744476
0.36650000000000005,0.04003419354557991,0.00030517578125,0.055717892944812775,0.08558858186006546
0.367,0.04003433883190155,0.0006103515625,0.05577767640352249,0.08632123470306396
0.36750000000000005,0.040034376084804535,0.00030517578125,0.055557042360305786,0.08585380017757416
0.368,0.04003411531448364,0.00030517578125,0.05566207692027092,0.08606304228305817
0.36850000000000005,0.04003401845693588,0.00030517578125,0.05561934411525726,0.0861981213092804
0.369,0.04003407061100006,0.0006103515625,0.055663902312517166,0.0853312537074089
0.36950000000000005,0.040034227073192596,0.0006103515625,0.055720895528793335,0.08593448996543884
0.37,0.04003386199474335,0.00030517578125,0.05563816800713539,0.08681190013885498
0.37050000000000005,0.04003418609499931,0.0006103515625,0.05566753074526787,0.08612224459648132
0.371,0.040033888071775436,0.00030517578125,0.05556057021021843,0.08557746559381485
0.37150000000000005,0.040034014731645584,0.0006103515625,0.05549585446715355,0.08544417470693588
0.372,0.040033843368291855,0.0006103515625,0.05582905188202858,0.08557257056236267
0.37250000000000005,0.04003436118364334,0.0,0.05575994402170181,0.085593082010746
0.373,0.04003405198454857,0.00030517578125,0.056046389043331146,0.08502296358346939
0.37350000000000005,0.04003388062119484,0.00030517578125,0.05551857873797417,0.08559451997280121
0.374,0.04003455489873886,0.00091552734375,0.0555364228785038,0.08701387792825699
0.37450000000000006,0.040034037083387375,0.00091552734375,0.05600497126579285,0.08534397929906845
0.375,0.040034327656030655,0.0006103515625,0.055820487439632416,0.08562468737363815
0.37549999999999994,0.040033984929323196,0.0006103515625,0.0557883195579052,0.08591192960739136
0.376,0.04003416746854782,0.00030517578125,0.055936433374881744,0.08603492379188538
0.37649999999999995,0.040034037083387375,0.0006103515625,0.055866628885269165,0.08516130596399307
0.377,0.04003399983048439,0.0006103515625,0.05543298274278641,0.085513636469841
0.37749999999999995,0.040034107863903046,0.0006103515625,0.05614588037133217,0.0859251394867897
0.378,0.040034111589193344,0.0006103515625,0.05572031810879707,0.08565681427717209
0.37849999999999995,0.040034081786870956,0.00030517578125,0.05598321184515953,0.08607598394155502
0.379,0.04003437981009483,0.00030517578125,0.05617324635386467,0.08535660058259964
0.37949999999999995,0.04003439471125603,0.0006103515625,0.05595148354768753,0.08589176088571548
0.38,0.0400342233479023,0.0,0.055828388780355453,0.08499127626419067
0.38049999999999995,0.04003401845693588,0.00030517578125,0.05604807659983635,0.08685608953237534
0.381,0.04003399610519409,0.001220703125,0.05569728836417198,0.08590991795063019
0.38149999999999995,0.04003428667783737,0.00030517578125,0.055973440408706665,0.08609998226165771
0.382,0.04003407433629036,0.0006103515625,0.05586410313844681,0.08600997924804688
0.38249999999999995,0.040034230798482895,0.0006103515625,0.05548484995961189,0.0860612764954567
0.383,0.04003431275486946,0.0006103515625,0.05584387481212616,0.08599360287189484
0.38349999999999995,0.04003412276506424,0.0006103515625,0.05568506941199303,0.08530019223690033
0.384,0.04003424197435379,0.00030517578125,0.05590805783867836,0.08554330468177795
0.38449999999999995,0.040033936500549316,0.0006103515625,0.055646684020757675,0.08657342940568924
0.385,0.040034227073192596,0.0,0.055604998022317886,0.0868319645524025
0.38549999999999995,0.04003408923745155,0.00091552734375,0.05598286911845207,0.08588660508394241
0.386,0.040033843368291855,0.00030517578125,0.05623478814959526,0.08647812157869339
0.38649999999999995,0.040034256875514984,0.001220703125,0.05591266602277756,0.08595588058233261
0.387,0.04003408923745155,0.0006103515625,0.05582113564014435,0.08526553213596344
0.38749999999999996,0.04003428295254707,0.00091552734375,0.05623076483607292,0.08571191877126694
0.388,0.040034107863903046,0.00030517578125,0.055656686425209045,0.08569568395614624
0.38849999999999996,0.04003411903977394,0.00091552734375,0.05592362582683563,0.08726953715085983
0.389,0.040034063160419464,0.0006103515625,0.05598058924078941,0.08570843189954758
0.38949999999999996,0.04003423824906349,0.00030517578125,0.056033726781606674,0.08538059890270233
0.39,0.04003392159938812,0.0006103515625,0.05585110932588577,0.08549484610557556
0.39049999999999996,0.04003418982028961,0.0006103515625,0.05592401325702667,0.08496303111314774
0.391,0.0400342158973217,0.0006103515625,0.05591876432299614,0.08525413274765015
0.39149999999999996,0.04003389924764633,0.0,0.05582929402589798,0.0866537019610405
0.392,0.040034230798482895,0.0,0.05580800771713257,0.08578271418809891
0.39249999999999996,0.04003434255719185,0.0006103515625,0.05593143403530121,0.08617644757032394
0.393,0.04003426805138588,0.00091552734375,0.05580044910311699,0.0854296013712883
0.39349999999999996,0.04003414884209633,0.0,0.05585333704948425,0.08473966270685196
0.394,0.04003433138132095,0.0,0.05596345290541649,0.08563287556171417
0.39449999999999996,0.040034204721450806,0.0006103515625,0.05626446381211281,0.0856204479932785
0.395,0.04003417491912842,-0.00030517578125,0.05582323297858238,0.08569321781396866
0.39549999999999996,0.04003399237990379,-0.00030517578125,0.055853623896837234,0.08594255894422531
0.396,0.04003424197435379,0.00030517578125,0.05615593492984772,0.0854683592915535
0.39649999999999996,0.040034204721450806,0.00091552734375,0.055962853133678436,0.08580897003412247
0.397,0.040034063160419464,0.0006103515625,0.056228116154670715,0.08547396212816238
0.39749999999999996,0.040034227073192596,0.00030517578125,0.05580958351492882,0.08591262996196747
0.398,0.040034033358097076,0.0006103515625,0.05587035045027733,0.0861806869506836
0.39849999999999997,0.04003423452377319,0.0006103515625,0.05621585249900818,0.08572715520858765
0.399,0.04003407806158066,0.00030517578125,0.05599489435553551,0.08538708835840225
0.39949999999999997,0.04003407433629036,0.00030517578125,0.056312721222639084,0.08585063368082047
0.4,0.04003443196415901,0.00030517578125,0.05625370889902115,0.08501449972391129
0.40049999999999997,0.040034230798482895,0.0006103515625,0.05639142543077469,0.08609522879123688
0.401,0.04003424942493439,0.0,0.056297652423381805,0.0855068638920784
0.40149999999999997,0.040034133940935135,0.00091552734375,0.055998794734478,0.08582238107919693
0.402,0.040034182369709015,0.0006103515625,0.055662281811237335,0.08537586778402328
0.40249999999999997,0.040034081786870956,0.00030517578125,0.05639273300766945,0.08551695197820663
0.403,0.04003434255719185,0.00030517578125,0.05609588325023651,0.08584094792604446
0.40349999999999997,0.04003407061100006,0.00030517578125,0.05590282380580902,0.08533377200365067
0.404,0.04003439471125603,0.0,0.056145697832107544,0.08553031831979752
0.40449999999999997,0.0400339737534523,0.0006103515625,0.055925898253917694,0.08581571280956268
0.405,0.0400339774787426,0.0006103515625,0.056149888783693314,0.08614257723093033
0.40549999999999997,0.0400339737534523,0.0006103515625,0.05566355213522911,0.08607359230518341
0.406,0.0400342233479023,0.00030517578125,0.05628078430891037,0.08579818904399872
0.4065,0.04003394767642021,0.00030517578125,0.05626797676086426,0.08610107749700546
0.40700000000000003,0.040034063160419464,0.0,0.055967818945646286,0.08548030257225037
0.4075,0.04003408923745155,-0.00030517578125,0.05627448856830597,0.08511405438184738
0.40800000000000003,0.04003407433629036,0.00030517578125,0.056184668093919754,0.08536513149738312
0.4085,0.04003418982028961,0.00030517578125,0.05580602213740349,0.08613529056310654
0.40900000000000003,0.040034130215644836,0.0006103515625,0.05591114982962608,0.08591856807470322
0.4095,0.04003440588712692,0.0006103515625,0.05628044158220291,0.08623642474412918
0.41000000000000003,0.040034059435129166,0.00030517578125,0.05627242475748062,0.08638950437307358
0.4105,0.04003414884209633,0.00030517578125,0.056440047919750214,0.08583126962184906
0.41100000000000003,0.04003405570983887,0.0,0.056649960577487946,0.08572443574666977
0.4115,0.04003386199474335,0.0006103515625,0.056306809186935425,0.08521664887666702
0.41200000000000003,0.040034014731645584,0.00091552734375,0.05613689124584198,0.08559628576040268
0.4125,0.04003419727087021,0.0006103515625,0.05623539537191391,0.08627191931009293
0.41300000000000003,0.04003423824906349,0.0006103515625,0.05631764605641365,0.08586893230676651
0.4135,0.04003426805138588,0.0,0.056233327835798264,0.08627939224243164
0.41400000000000003,0.04003433510661125,0.0006103515625,0.056204669177532196,0.08623544871807098
0.4145,0.04003414511680603,0.0006103515625,0.05664154142141342,0.08532525599002838
0.41500000000000004,0.04003418982028961,0.00030517578125,0.05595027282834053,0.08571918308734894
0.4155,0.04003409296274185,0.0006103515625,0.05598798766732216,0.08488062769174576
0.41600000000000004,0.04003415256738663,0.00030517578125,0.056224070489406586,0.08617788553237915
0.4165,0.04003428667783737,0.00091552734375,0.05584094673395157,0.08603544533252716
0.41700000000000004,0.040034133940935135,0.0006103515625,0.056573718786239624,0.08634979277849197
0.4175,0.04003405570983887,0.00030517578125,0.05595751479268074,0.08622713387012482
0.41800000000000004,0.04003410413861275,0.0006103515625,0.056341491639614105,0.08628330379724503
0.4185,0.040034063160419464,0.0006103515625,0.056255023926496506,0.08508634567260742
0.41900000000000004,0.04003412276506424,0.00091552734375,0.05551375076174736,0.08543165773153305
0.4195,0.04003443196415901,0.00091552734375,0.05597733333706856,0.08606936782598495
0.42000000000000004,0.040034081786870956,0.0006103515625,0.05632498115301132,0.08565565943717957
0.4205,0.040034011006355286,0.00091552734375,0.056260958313941956,0.08657675236463547
0.42100000000000004,0.04003407806158066,0.0006103515625,0.05599626153707504,0.08583865314722061
0.4215,0.04003418982028961,0.0006103515625,0.05608402192592621,0.08603011816740036
0.42200000000000004,0.040033970028162,0.0006103515625,0.0559699572622776,0.08571992069482803
0.4225,0.04003409296274185,0.0006103515625,0.05604851245880127,0.08556506037712097
0.42300000000000004,0.040034372359514236,0.0006103515625,0.05642899125814438,0.08711261302232742
0.4235,0.04003409296274185,0.0006103515625,0.05649657920002937,0.08564472943544388
0.42400000000000004,0.04003424942493439,0.0006103515625,0.05574231222271919,0.08580172061920166
0.4245,0.04003411531448364,0.0006103515625,0.05643089860677719,0.08567611873149872
0.42500000000000004,0.04003400355577469,0.0006103515625,0.05597561225295067,0.0868668481707573
0.4255,0.040034081786870956,0.00030517578125,0.05612339451909065,0.08560015261173248
0.42600000000000005,0.040034178644418716,0.0006103515625,0.05623144283890724,0.08614959567785263
0.4265,0.04003435745835304,0.00030517578125,0.056198980659246445,0.0859128013253212
0.42700000000000005,0.04003428295254707,0.00030517578125,0.05555460602045059,0.08717413246631622
0.4275,0.04003412276506424,0.00091552734375,0.056484706699848175,0.08615971356630325
0.42800000000000005,0.04003424569964409,0.0006103515625,0.056297045201063156,0.08602726459503174
0.4285,0.04003432020545006,0.0,0.05607125163078308,0.08580733835697174
0.42900000000000005,0.040034160017967224,0.0006103515625,0.05623855069279671,0.08535095304250717
0.4295,0.04003433510661125,0.00091552734375,0.056077029556035995,0.08621096611022949
0.43000000000000005,0.0400342121720314,0.0006103515625,0.05612850934267044,0.08529786765575409
0.4305,0.040034107863903046,0.0,0.056060921400785446,0.08538224548101425
0.43100000000000005,0.040034499019384384,0.00030517578125,0.0564420111477375,0.08616869151592255
0.4315,0.040034059435129166,0.0,0.05639722943305969,0.08633773773908615
0.43200000000000005,0.04003411903977394,0.00091552734375,0.05607551708817482,0.08558999001979828
0.4325,0.040034130215644836,0.0006103515625,0.05631808191537857,0.08550315350294113
0.43300000000000005,0.040034376084804535,0.0006103515625,0.056406714022159576,0.08598542213439941
0.4335,0.04003412276506424,0.001220703125,0.05596053972840309,0.08562207967042923
0.43400000000000005,0.040033940225839615,0.00030517578125,0.05583163723349571,0.08641331642866135
0.4345,0.040034301578998566,0.00091552734375,0.05640602856874466,0.08557356148958206
0.43500000000000005,0.04003426060080528,0.00030517578125,0.05605478584766388,0.08616146445274353
0.4355,0.040034219622612,0.00030517578125,0.05625896528363228,0.08484259992837906
0.43600000000000005,0.0400342158973217,0.0006103515625,0.05633554235100746,0.08517025411128998
0.4365,0.040034219622612,0.0006103515625,0.05618083477020264,0.08527368307113647
0.43700000000000006,0.040033891797065735,0.00091552734375,0.05626561865210533,0.08515296131372452
0.4375,0.04003452509641647,0.0006103515625,0.05554243177175522,0.08569815009832382
0.43799999999999994,0.0400342121720314,0.0006103515625,0.05629083886742592,0.08561215549707413
0.4385,0.040034219622612,0.00030517578125,0.055899765342473984,0.08471646159887314
0.43899999999999995,0.0400339812040329,0.00030517578125,0.05631720647215843,0.08530118316411972
0.4395,0.04003399983048439,0.00091552734375,0.05628341808915138,0.08569661527872086
0.43999999999999995,0.040034178644418716,0.00091552734375,0.05621181055903435,0.08447261154651642
0.4405,0.04003411531448364,0.0006103515625,0.05623921379446983,0.08606000244617462
0.44099999999999995,0.04003420099616051,0.0006103515625,0.055442024022340775,0.08612017333507538
0.4415,0.04003414884209633,0.0006103515625,0.05610451474785805,0.08552197366952896
0.44199999999999995,0.040033940225839615,0.0,0.056081995368003845,0.08464784175157547
0.4425,0.04003399610519409,0.00091552734375,0.056029513478279114,0.08505278825759888
0.44299999999999995,0.04003432020545006,0.00030517578125,0.056413739919662476,0.085656076669693
0.4435,0.040034305304288864,0.00030517578125,0.05614129453897476,0.08546648919582367
0.44399999999999995,0.0400344617664814,0.00030517578125,0.05576082319021225,0.08592021465301514
0.4445,0.040034204721450806,0.0006103515625,0.056385114789009094,0.08455256372690201
0.44499999999999995,0.04003427177667618,0.00030517578125,0.05659385770559311,0.08585011959075928
0.4455,0.040034279227256775,0.0006103515625,0.05611824244260788,0.08566019684076309
0.44599999999999995,0.04003404453396797,0.00030517578125,0.05638645216822624,0.08513988554477692
0.4465,0.040034305304288864,0.001220703125,0.05645252764225006,0.08512048423290253
0.44699999999999995,0.04003415256738663,0.0006103515625,0.056366823613643646,0.08540448546409607
0.4475,0.040034256875514984,0.00030517578125,0.05634943023324013,0.08498616516590118
0.44799999999999995,0.04003428295254707,0.00091552734375,0.05635509639978409,0.08504127711057663
0.4485,0.040034081786870956,0.00030517578125,0.05613056570291519,0.08530961722135544
0.44899999999999995,0.04003404825925827,0.0006103515625,0.056019581854343414,0.08533231168985367
0.4495,0.04003436863422394,0.0006103515625,0.0566011443734169,0.0857381746172905
0.44999999999999996,0.040034133940935135,0.00091552734375,0.05657464638352394,0.08488325774669647
0.4505,0.0400342233479023,0.00030517578125,0.05626695975661278,0.08461315184831619
0.45099999999999996,0.04003407061100006,0.0006103515625,0.05645214021205902,0.0851030945777893
0.4515,0.040034279227256775,0.0006103515625,0.05618525296449661,0.08583535254001617
0.45199999999999996,0.04003429785370827,0.00030517578125,0.056070808321237564,0.08522929251194
0.4525,0.04003419354557991,0.00091552734375,0.055871643126010895,0.08520980179309845
0.45299999999999996,0.04003429040312767,0.00091552734375,0.05612693727016449,0.08550157397985458
0.4535,0.04003414884209633,0.0,0.056160345673561096,0.0854717344045639
0.45399999999999996,0.04003416746854782,0.00030517578125,0.05590476468205452,0.08501800894737244
0.4545,0.04003409296274185,-0.00030517578125,0.05646057426929474,0.08499307185411453
0.45499999999999996,0.04003411903977394,0.00030517578125,0.05592386797070503,0.08564288914203644
0.4555,0.04003395885229111,0.0006103515625,0.05591544136404991,0.08503858000040054
0.45599999999999996,0.040034305304288864,0.00030517578125,0.05623336508870125,0.0853603258728981
0.4565,0.04003426805138588,0.0006103515625,0.056262265890836716,0.08519411087036133
0.45699999999999996,0.04003406688570976,0.00091552734375,0.05613509565591812,0.08448166400194168
0.4575,0.04003431648015976,0.0006103515625,0.055678967386484146,0.0858369842171669
0.45799999999999996,0.04003426060080528,0.00030517578125,0.056205764412879944,0.0852784812450409
0.4585,0.04003419354557991,0.00030517578125,0.05602395161986351,0.08547832071781158
0.45899999999999996,0.04003385454416275,0.0006103515625,0.05613865703344345,0.08472774177789688
0.4595,0.04003433138132095,0.00030517578125,0.05630996823310852,0.08593311905860901
0.45999999999999996,0.04003424197435379,0.00030517578125,0.05587868392467499,0.08493062108755112
0.4605,0.04003427177667618,0.0006103515625,0.05638004094362259,0.08533816784620285
0.46099999999999997,0.04003417119383812,0.00091552734375,0.056044768542051315,0.08496153354644775
0.4615,0.04003438353538513,0.0006103515625,0.05593697726726532,0.08667874336242676
0.46199999999999997,0.04003405570983887,0.0006103515625,0.05615667253732681,0.08508842438459396
0.4625,0.04003413766622543,0.0,0.056040845811367035,0.0854678824543953
0.46299999999999997,0.04003430902957916,0.00030517578125,0.056195300072431564,0.08621280640363693
0.4635,0.04003411531448364,0.0,0.05605807900428772,0.08566245436668396
0.46399999999999997,0.04003433138132095,0.00091552734375,0.05604390799999237,0.08568762987852097
0.4645,0.040034204721450806,-0.00030517578125,0.056186214089393616,0.08441956341266632
0.46499999999999997,0.04003440961241722,0.00091552734375,0.05605343356728554,0.08569630980491638
0.4655,0.04003430902957916,0.00030517578125,0.05572932958602905,0.0851082056760788
0.46599999999999997,0.04003404453396797,0.0,0.05616450682282448,0.08483841270208359
0.4665,0.04003426432609558,0.0006103515625,0.05598464235663414,0.08541781455278397
0.46699999999999997,0.04003399983048439,0.0,0.05620846524834633,0.08495509624481201
0.4675,0.040034063160419464,0.0006103515625,0.055889833718538284,0.08549514412879944
0.46799999999999997,0.04003416746854782,0.00091552734375,0.05591572821140289,0.0853380411863327
0.4685,0.040034059435129166,0.00030517578125,0.056298185139894485,0.08534499257802963
0.469,0.04003424942493439,0.001220703125,0.056108638644218445,0.08505239337682724
0.46950000000000003,0.04003405570983887,0.0,0.056159358471632004,0.08593824505805969
0.47,0.04003436118364334,0.00030517578125,0.056279394775629044,0.08537089079618454
0.47050000000000003,0.04003415256738663,0.00030517578125,0.05626152083277702,0.08515296876430511
0.471,0.040034275501966476,0.0006103515625,0.05603628233075142,0.08501747250556946
0.47150000000000003,0.040034402161836624,0.00091552734375,0.05621599406003952,0.08483848720788956
0.472,0.040034227073192596,0.00091552734375,0.05589285492897034,0.08518773317337036
0.47250000000000003,0.0400339737534523,0.0006103515625,0.05648590624332428,0.08449502289295197
0.473,0.0400339774787426,0.0006103515625,0.05610789358615875,0.08487281948328018
0.47350000000000003,0.04003420099616051,0.0006103515625,0.056178342550992966,0.08524385839700699
0.474,0.04003417491912842,-0.00030517578125,0.05581413209438324,0.08537854999303818
0.47450000000000003,0.040034111589193344,-0.00030517578125,0.05619674548506737,0.08577710390090942
0.475,0.04003412276506424,0.0006103515625,0.05647897720336914,0.08522295951843262
0.47550000000000003,0.040034219622612,0.00030517578125,0.05563502386212349,0.08491930365562439
0.476,0.040033940225839615,0.0006103515625,0.05609070509672165,0.08525191992521286
0.47650000000000003,0.04003428667783737,0.00091552734375,0.056085746735334396,0.08565983176231384
0.477,0.040034059435129166,0.0006103515625,0.05600092560052872,0.08529049158096313
0.47750000000000004,0.04003431275486946,0.0,0.055891454219818115,0.0860803872346878
0.478,0.04003431275486946,0.00030517578125,0.05628914386034012,0.08500177413225174
0.47850000000000004,0.04003433883190155,0.0,0.0564439631998539,0.08549920469522476
0.479,0.040034081786870956,0.0006103515625,0.05604347586631775,0.08507714420557022
0.47950000000000004,0.04003429040312767,0.0006103515625,0.05605221539735794,0.08607383072376251
0.48,0.040034182369709015,0.00030517578125,0.05593050643801689,0.08550840616226196
0.48050000000000004,0.04003409668803215,0.0006103515625,0.05619625747203827,0.08528952300548553
0.481,0.0400342121720314,0.00030517578125,0.05620267987251282,0.08595005422830582
0.48150000000000004,0.040034182369709015,0.00091552734375,0.0561789944767952,0.08589398115873337
0.482,0.04003441333770752,0.00030517578125,0.05595684424042702,0.08522355556488037
0.48250000000000004,0.040033914148807526,-0.00030517578125,0.05593004450201988,0.08508563041687012
0.483,0.040034133940935135,0.0006103515625,0.056169990450143814,0.08588894456624985
0.48350000000000004,0.04003417491912842,0.0006103515625,0.056277286261320114,0.08612896502017975
0.484,0.04003407433629036,0.00030517578125,0.0557297058403492,0.08626564592123032
0.48450000000000004,0.040033984929323196,0.00030517578125,0.056477200239896774,0.08491881191730499
0.485,0.04003429785370827,0.00091552734375,0.056069761514663696,0.08558901399374008
0.48550000000000004,0.0400342158973217,0.00030517578125,0.05608193576335907,0.0848325788974762
0.486,0.040034107863903046,0.00030517578125,0.056506358087062836,0.08545608818531036
0.48650000000000004,0.04003420099616051,0.0,0.055909499526023865,0.0857008770108223
0.487,0.04003405570983887,0.0006103515625,0.05648409575223923,0.08567634224891663
0.48750000000000004,0.04003424942493439,0.00030517578125,0.05651157721877098,0.08590834587812424
0.488,0.04003413766622543,0.0006103515625,0.05651006102561951,0.08587118238210678
0.48850000000000005,0.040034398436546326,0.0006103515625,0.05626596882939339,0.08561069518327713
0.489,0.04003417491912842,0.0006103515625,0.056142985820770264,0.08550598472356796
0.48950000000000005,0.0400342158973217,0.0,0.056342896074056625,0.08585106581449509
0.49,0.0400344654917717,0.00030517578125,0.056388262659311295,0.08542483299970627
0.49050000000000005,0.04003418982028961,0.00030517578125,0.05621938779950142,0.08572413772344589
0.491,0.04003424569964409,0.00030517578125,0.056023161858320236,0.08550617098808289
0.49150000000000005,0.04003448039293289,0.00030517578125,0.05635252594947815,0.08650323003530502
0.492,0.040034085512161255,0.001220703125,0.05623985454440117,0.08567825704813004
0.49250000000000005,0.04003416374325752,0.00030517578125,0.056330613791942596,0.08517484366893768
0.493,0.04003426805138588,0.0006103515625,0.056151289492845535,0.08513374626636505
0.49350000000000005,0.04003416374325752,0.00091552734375,0.056187164038419724,0.08543475717306137
0.494,0.04003438726067543,0.00030517578125,0.05597324296832085,0.0855884999036789
0.49450000000000005,0.04003404080867767,-0.00030517578125,0.055956654250621796,0.08532946556806564
0.495,0.04003440961241722,0.00091552734375,0.05634281411767006,0.08677331358194351
0.49550000000000005,0.04003402963280678,0.0006103515625,0.055931106209754944,0.08575751632452011
0.496,0.04003408923745155,0.0006103515625,0.05612710490822792,0.08666049689054489
0.49650000000000005,0.040034323930740356,0.00030517578125,0.05602937564253807,0.08503922075033188
0.497,0.04003429412841797,0.0006103515625,0.056682977825403214,0.08560097962617874
0.49750000000000005,0.040034227073192596,-0.00030517578125,0.056128572672605515,0.08560159802436829
0.498,0.04003407061100006,0.0006103515625,0.05607423186302185,0.08597464114427567
0.49850000000000005,0.04003442823886871,0.0,0.05605030432343483,0.08633200079202652
0.499,0.04003387689590454,0.00030517578125,0.05602894350886345,0.0861707553267479
0.49950000000000006,0.040034398436546326,0.0006103515625,0.05613652616739273,0.08607963472604752
0.5,0.04003443568944931,0.0006103515625,0.05593249946832657,0.08560291677713394
0.5005,0.04003400355577469,0.00030517578125,0.056049127131700516,0.08618137240409851
0.5009999999999999,0.04003410041332245,0.0006103515625,0.05582312121987343,0.08558506518602371
0.5015000000000001,0.04003431275486946,0.0,0.05652673915028572,0.08573747426271439
0.502,0.04003407433629036,0.0,0.055998507887125015,0.08565661311149597
0.5025,0.040033966302871704,0.0,0.055794235318899155,0.08560563623905182
0.5029999999999999,0.04003426060080528,0.0006103515625,0.05632916837930679,0.0860716700553894
0.5035000000000001,0.040034279227256775,0.0006103515625,0.05588753521442413,0.08588143438100815
0.504,0.04003414884209633,0.00030517578125,0.055676065385341644,0.08632667362689972
0.5045,0.04003402590751648,0.0006103515625,0.055794607847929,0.08483705669641495
0.5049999999999999,0.04003416746854782,0.00030517578125,0.056602392345666885,0.0859779343008995
0.5055000000000001,0.040033988654613495,0.0,0.05598200857639313,0.08566644787788391
0.506,0.04003395885229111,0.0,0.056187331676483154,0.08623375743627548
0.5065,0.040034398436546326,0.0006103515625,0.05566509813070297,0.0858691930770874
0.5069999999999999,0.040034279227256775,0.00091552734375,0.05639302358031273,0.08568048477172852
0.5075000000000001,0.04003420099616051,0.0006103515625,0.055708035826683044,0.08545194566249847
0.508,0.04003416746854782,0.00091552734375,0.056182388216257095,0.08586370944976807
0.5085,0.040034353733062744,0.00030517578125,0.056046806275844574,0.0855850949883461
0.5089999999999999,0.04003427177667618,0.0006103515625,0.05562799796462059,0.0853833258152008
0.5095000000000001,0.040034227073192596,7.95196533203125,0.05621931701898575,0.08526645600795746
0.51,0.04003417491912842,7.9443359375,0.05578312277793884,0.08634620159864426
0.5105,0.040034275501966476,7.95684814453125,0.05656079575419426,0.08611796051263809
0.5109999999999999,0.04003406688570976,7.9486083984375,0.05572956055402756,0.08468511700630188
0.5115000000000001,0.04003439098596573,7.94769287109375,0.05590018630027771,0.08531476557254791
0.512,0.040034305304288864,7.9473876953125,0.05609600618481636,0.08586853742599487
0.5125,0.040034085512161255,7.9461669921875,0.05579939857125282,0.08574699610471725
0.5129999999999999,0.040034353733062744,7.9461669921875,0.05609925463795662,0.08599425852298737
0.5135000000000001,0.04003407806158066,7.94586181640625,0.05948265641927719,0.08572371304035187
0.514,0.04003290832042694,7.945556640625,0.0684063658118248,0.08653198182582855
0.5145,0.0400298647582531,0.0018310546875,0.08624930679798126,0.08484300225973129
0.5149999999999999,0.04002539813518524,0.001220703125,0.11594043672084808,0.08525187522172928
0.5155000000000001,0.040017638355493546,0.0006103515625,0.15686361491680145,0.08393756300210953
0.516,0.04000827297568321,0.0006103515625,0.2069980651140213,0.08345725387334824
0.5165,0.0399988517165184,0.00091552734375,0.2609518766403198,0.08283575624227524
0.5169999999999999,0.03999052569270134,0.001220703125,0.3161042332649231,0.08322744071483612
0.5175000000000001,0.03998400643467903,0.00030517578125,0.3704892098903656,0.08180182427167892
0.518,0.03997982665896416,0.00030517578125,0.42605292797088623,0.0819365605711937
0.5185,0.03997758403420448,-0.00030517578125,0.48321768641471863,0.08160729706287384
0.5189999999999999,0.039975810796022415,0.00091552734375,0.5425090193748474,0.08069538325071335
0.5195000000000001,0.03997446224093437,7.95257568359375,0.605305016040802,0.08147472888231277
0.52,0.03997235745191574,7.94586181640625,0.6722099184989929,0.0807960107922554
0.5205,0.03997042775154114,7.95257568359375,0.7432235479354858,0.08118601143360138
0.5209999999999999,0.03996731713414192,7.94464111328125,0.8178179860115051,0.08028741180896759
0.5215000000000001,0.03996453806757927,7.94708251953125,0.8956425189971924,0.08144648373126984
0.522,0.03996214270591736,7.95013427734375,0.9741078615188599,0.08079209178686142
0.5225,0.03995978832244873,7.9473876953125,1.0527853965759277,0.08235715329647064
0.5229999999999999,0.03995862975716591,7.94769287109375,1.132135033607483,0.08263841271400452
0.5235000000000001,0.03995750844478607,7.947998046875,1.2180427312850952,0.08350251615047455
0.524,0.03995552659034729,7.94830322265625,1.313705563545227,0.08476568758487701
0.5245,0.03995045647025108,0.00244140625,1.4235461950302124,0.08411992341279984
0.5249999999999999,0.03994289040565491,0.00152587890625,1.5488253831863403,0.08491365611553192
0.5255000000000001,0.03993239626288414,0.00091552734375,1.6833758354187012,0.08443034440279007
0.526,0.039921507239341736,0.00091552734375,1.8254777193069458,0.08414053171873093
0.5265,0.03991112485527992,0.0006103515625,1.9721322059631348,0.0832664892077446
0.5269999999999999,0.039902739226818085,0.00091552734375,2.1214828491210938,0.08347956836223602
0.5275000000000001,0.039896637201309204,0.00030517578125,2.2724852561950684,0.08215150237083435
0.528,0.039892055094242096,0.0006103515625,2.427058458328247,0.08150936663150787
0.5285,0.03988892585039139,0.0006103515625,2.5843582153320312,0.07920446991920471
0.5289999999999999,0.03988666087388992,0.00030517578125,2.743147134780884,0.07684630155563354
0.5295000000000001,0.039885394275188446,7.9534912109375,2.902907609939575,0.07475646585226059
0.53,0.039884451776742935,7.9461669921875,3.063153028488159,0.07215943932533264
0.5305,0.0398845337331295,7.95318603515625,3.2229421138763428,0.06948217749595642
0.5309999999999999,0.039885297417640686,7.94342041015625,3.382270336151123,0.06744714826345444
0.5315000000000001,0.039886459708213806,7.9486083984375,3.540846586227417,0.06599622219800949
0.532,0.039888814091682434,7.95013427734375,3.6956093311309814,0.06482294946908951
0.5325,0.039891570806503296,7.94769287109375,3.847313642501831,0.0630597174167633
0.5329999999999999,0.03989536315202713,7.9486083984375,3.9968881607055664,0.0622999481856823
0.5335000000000001,0.03989885374903679,7.94830322265625,4.14702033996582,0.06175695359706879
0.534,0.03990143537521362,7.9486083984375,4.302951335906982,0.06195235997438431
0.5345,0.03990212082862854,0.00152587890625,4.464570999145508,0.06207844987511635
0.5349999999999999,0.03990057855844498,0.00030517578125,4.630407810211182,0.06263991445302963
0.5355000000000001,0.039898257702589035,0.00091552734375,4.796197891235352,0.06271246075630188
0.536,0.03989596664905548,0.00091552734375,4.961063385009766,0.06312636286020279
0.5365,0.03989497944712639,0.0006103515625,5.125376224517822,0.06466826051473618
0.5369999999999999,0.039895012974739075,0.0006103515625,5.288156509399414,0.06520729511976242
0.5375000000000001,0.03989555686712265,0.0006103515625,5.451211452484131,0.06652537733316422
0.538,0.03989694267511368,0.0006103515625,5.6130218505859375,0.06736768782138824
0.5385,0.03989848494529724,0.0006103515625,5.773482799530029,0.06725534051656723
0.5389999999999999,0.03990042209625244,0.0006103515625,5.931111812591553,0.0673547238111496
0.5395000000000001,0.03990262746810913,7.95196533203125,6.086146831512451,0.06709982454776764
0.54,0.03990533947944641,7.9437255859375,6.23915433883667,0.06654449552297592
0.5405,0.039908573031425476,7.95562744140625,6.3891987800598145,0.06666125357151031
0.5409999999999999,0.03991188853979111,7.94647216796875,6.534825325012207,0.06605895608663559
0.5415000000000001,0.03991604968905449,7.947998046875,6.6764092445373535,0.06596306711435318
0.542,0.03992007300257683,7.9461669921875,6.815435886383057,0.06532280892133713
0.5425,0.039924513548612595,7.945556640625,6.949471950531006,0.0647248700261116
0.5429999999999999,0.039929043501615524,7.9449462890625,7.079622268676758,0.06348448991775513
0.5435000000000001,0.03993365168571472,7.94525146484375,7.2091965675354,0.06310849636793137
0.544,0.03993693366646767,7.9443359375,7.340045928955078,0.06257911771535873
0.5445,0.039938900619745255,0.00152587890625,7.471939563751221,0.0627688616514206
0.5449999999999999,0.039939988404512405,0.00091552734375,7.604106426239014,0.06201300770044327
0.5455000000000001,0.039940230548381805,0.00091552734375,7.733982086181641,0.06086105853319168
0.546,0.039941027760505676,0.0006103515625,7.859762668609619,0.060143984854221344
0.5465,0.03994215279817581,0.00091552734375,7.984780788421631,0.05881514027714729
0.5469999999999999,0.039944056421518326,0.00030517578125,8.10816764831543,0.05802316218614578
0.5475000000000001,0.039945755153894424,0.00030517578125,8.229816436767578,0.056785620748996735
0.548,0.039947375655174255,0.0,8.3496732711792,0.05596720427274704
0.5485,0.03994934633374214,0.0006103515625,8.467597007751465,0.05621502548456192
0.5489999999999999,0.03995101526379585,0.00030517578125,8.583410263061523,0.05577271059155464
0.5495000000000001,0.03995310887694359,7.952880859375,8.696760177612305,0.055185165256261826
0.55,0.03995518013834953,7.9461669921875,8.807217597961426,0.054800502955913544
0.5505,0.03995780646800995,7.95318603515625,8.914935111999512,0.054375022649765015
0.5509999999999999,0.039960332214832306,7.94403076171875,9.018789291381836,0.054343219846487045
0.5515000000000001,0.039963193237781525,7.9486083984375,9.12060546875,0.055490557104349136
0.552,0.039966367185115814,7.947998046875,9.218231201171875,0.05596873536705971
0.5525,0.039969269186258316,7.94647216796875,9.312652587890625,0.05589471012353897
0.5529999999999999,0.03997252881526947,7.94586181640625,9.405076026916504,0.05661435052752495
0.5535000000000001,0.03997524082660675,7.94525146484375,9.496216773986816,0.056420695036649704
0.554,0.03997750207781792,7.94403076171875,9.58857536315918,0.05661866068840027
0.5545,0.039978139102458954,0.00213623046875,9.682229042053223,0.056826308369636536
0.5549999999999999,0.039978474378585815,0.001220703125,9.775932312011719,0.05634631589055061
0.5555000000000001,0.039977893233299255,0.00030517578125,9.868350982666016,0.057014863938093185
0.556,0.03997728228569031,0.0006103515625,9.959001541137695,0.0566122904419899
0.5565,0.0399775467813015,0.0006103515625,10.04893684387207,0.056576211005449295
0.5569999999999999,0.03997798264026642,0.0006103515625,10.138554573059082,0.05620008334517479
0.5575000000000001,0.0399785079061985,0.0,10.226101875305176,0.05636805668473244
0.558,0.0399792417883873,0.0006103515625,10.311911582946777,0.056303393095731735
0.5585,0.03997986018657684,0.00030517578125,10.39638900756836,0.05600721389055252
0.5589999999999999,0.03998102247714996,0.0006103515625,10.479023933410645,0.05609114468097687
0.5595000000000001,0.03998212516307831,7.9510498046875,10.559646606445312,0.05574936792254448
0.56,0.03998374193906784,7.94281005859375,10.639439582824707,0.0551484189927578
0.5605,0.039985258132219315,7.955322265625,10.716837882995605,0.055385541170835495
0.5609999999999999,0.039986420422792435,7.9473876953125,10.791704177856445,0.05467071756720543
0.5615000000000001,0.03998823091387749,7.9449462890625,10.864068031311035,0.054405469447374344
0.562,0.03999022766947746,7.9461669921875,10.93463134765625,0.053592752665281296
0.5625,0.03999236971139908,7.9443359375,11.002767562866211,0.053448036313056946
0.563,0.03999445214867592,7.94586181640625,11.068534851074219,0.053253401070833206
0.5634999999999999,0.039996467530727386,7.9473876953125,11.133172988891602,0.05293051525950432
0.5640000000000001,0.039997950196266174,7.9473876953125,11.199305534362793,0.05325765535235405
0.5645,0.03999801352620125,0.00213623046875,11.266782760620117,0.052410438656806946
0.565,0.039997998625040054,0.001220703125,11.334274291992188,0.0530121810734272
0.5654999999999999,0.03999719396233559,0.0006103515625,11.401216506958008,0.05325125902891159
0.5660000000000001,0.03999674692749977,0.00030517578125,11.467049598693848,0.053311627358198166
0.5665,0.03999631479382515,0.0006103515625,11.531292915344238,0.05280141532421112
0.567,0.03999646008014679,0.00030517578125,11.595218658447266,0.053276266902685165
0.5674999999999999,0.03999714180827141,0.0006103515625,11.658012390136719,0.0534309521317482
0.5680000000000001,0.0399969145655632,0.0006103515625,11.720399856567383,0.05300886556506157
0.5685,0.03999781236052513,0.00030517578125,11.781147003173828,0.05315206199884415
0.569,0.039998337626457214,0.0006103515625,11.84058666229248,0.052979499101638794
0.5694999999999999,0.03999914601445198,7.95257568359375,11.899325370788574,0.05325698480010033
0.5700000000000001,0.03999970853328705,7.9437255859375,11.956069946289062,0.053980354219675064
0.5705,0.040000930428504944,7.9547119140625,12.01136589050293,0.05317647382616997
0.571,0.040002260357141495,7.94647216796875,12.063748359680176,0.05342184007167816
0.5714999999999999,0.04000360518693924,7.94525146484375,12.114373207092285,0.053003691136837006
0.5720000000000001,0.040005557239055634,7.945556640625,12.162416458129883,0.05335906147956848
0.5725,0.040007490664720535,7.94403076171875,12.208229064941406,0.05280856043100357
0.573,0.040009502321481705,7.9461669921875,12.252055168151855,0.052882853895425797
0.5734999999999999,0.040011629462242126,7.9473876953125,12.294557571411133,0.052970919758081436
0.5740000000000001,0.04001292213797569,7.94708251953125,12.337980270385742,0.05272022262215614
0.5745,0.04001335799694061,0.00152587890625,12.383014678955078,0.05263300612568855
0.575,0.040013138204813004,0.0006103515625,12.429068565368652,0.05245312303304672
0.5754999999999999,0.040012530982494354,0.0006103515625,12.474442481994629,0.052418339997529984
0.5760000000000001,0.04001208394765854,0.00030517578125,12.518982887268066,0.05238507688045502
0.5765,0.04001111537218094,0.00091552734375,12.563159942626953,0.05172910913825035
0.577,0.04001092165708542,0.001220703125,12.6071195602417,0.05305742844939232
0.5774999999999999,0.04001080244779587,0.0,12.649849891662598,0.05275525897741318
0.5780000000000001,0.04001084342598915,0.0006103515625,12.691401481628418,0.05278410390019417
0.5785,0.04001111537218094,0.00030517578125,12.732707023620605,0.05227314308285713
0.579,0.040011465549468994,0.00030517578125,12.77356243133545,0.052507493644952774
0.5794999999999999,0.040012236684560776,7.9486083984375,12.81286334991455,0.05183377116918564
0.5800000000000001,0.04001249372959137,7.94189453125,12.85030746459961,0.05152735486626625
0.5805,0.04001345485448837,7.95196533203125,12.887252807617188,0.05325263738632202
0.581,0.04001452028751373,7.94342041015625,12.920958518981934,0.0528162457048893
0.5814999999999999,0.04001570865511894,7.94647216796875,12.953924179077148,0.05270018056035042
0.5820000000000001,0.04001741111278534,7.9486083984375,12.984258651733398,0.05279603600502014
0.5825,0.0400191992521286,7.94708251953125,13.01208209991455,0.0523584745824337
0.583,0.04002085700631142,7.94586181640625,13.03789234161377,0.052493587136268616
0.5834999999999999,0.040022797882556915,7.9437255859375,13.062807083129883,0.0521983727812767
0.5840000000000001,0.04002438113093376,7.9437255859375,13.089171409606934,0.05294406786561012
0.5845,0.04002488777041435,0.0018310546875,13.115362167358398,0.052722007036209106
0.585,0.0400247648358345,0.0006103515625,13.144838333129883,0.052828170359134674
0.5854999999999999,0.040024008601903915,0.00091552734375,13.173738479614258,0.05255373194813728
0.5860000000000001,0.040022652596235275,0.0,13.202229499816895,0.051899272948503494
0.5865,0.0400218740105629,0.00030517578125,13.230809211730957,0.05207374691963196
0.587,0.04002087563276291,0.0006103515625,13.259337425231934,0.05189276486635208
0.5874999999999999,0.04002072289586067,0.0006103515625,13.287322998046875,0.051845353096723557
0.5880000000000001,0.040020108222961426,0.00030517578125,13.314435005187988,0.05233815312385559
0.5885,0.04002011567354202,0.00030517578125,13.341848373413086,0.0528138130903244
0.589,0.04002029076218605,0.00091552734375,13.368194580078125,0.053537026047706604
0.5894999999999999,0.04002043232321739,7.9522705078125,13.39394474029541,0.05284774303436279
0.5900000000000001,0.04002062976360321,7.94281005859375,13.418204307556152,0.05287019908428192
0.5905,0.04002142325043678,7.9547119140625,13.441561698913574,0.051580507308244705
0.591,0.04002223536372185,7.94586181640625,13.462569236755371,0.05183488875627518
0.5914999999999999,0.04002327471971512,7.94403076171875,13.481768608093262,0.05304591357707977
0.5920000000000001,0.04002480208873749,7.94708251953125,13.499712944030762,0.053173527121543884
0.5925,0.04002644121646881,7.94525146484375,13.515454292297363,0.05324303358793259
0.593,0.04002801701426506,7.94769287109375,13.529330253601074,0.052326567471027374
0.5934999999999999,0.04002958908677101,7.94647216796875,13.54235553741455,0.05240939185023308
0.5940000000000001,0.04003119468688965,7.9449462890625,13.556294441223145,0.05194969102740288
0.5945,0.040031470358371735,0.00213623046875,13.571059226989746,0.05213224142789841
0.595,0.04003138840198517,0.00091552734375,13.58800983428955,0.053255073726177216
0.5954999999999999,0.040030643343925476,0.00091552734375,13.605791091918945,0.052686288952827454
0.5960000000000001,0.040029533207416534,0.00030517578125,13.623749732971191,0.053026534616947174
0.5965,0.04002801701426506,0.0006103515625,13.641404151916504,0.053253356367349625
0.597,0.04002702608704567,0.00030517578125,13.659610748291016,0.05231356993317604
0.5974999999999999,0.040026336908340454,0.0006103515625,13.677122116088867,0.05285320430994034
0.5980000000000001,0.0400255061686039,0.0006103515625,13.695253372192383,0.052126653492450714
0.5985,0.04002555087208748,0.0006103515625,13.712532997131348,0.053209900856018066
0.599,0.040025390684604645,0.00091552734375,13.728902816772461,0.05298793688416481
0.5994999999999999,0.04002563655376434,7.95135498046875,13.744978904724121,0.05308813229203224
0.6000000000000001,0.04002584517002106,7.9443359375,13.759692192077637,0.05230739712715149
0.6005,0.040026478469371796,7.9541015625,13.773828506469727,0.053254541009664536
0.601,0.04002724960446358,7.94586181640625,13.786224365234375,0.05329842492938042
0.6014999999999999,0.040028054267168045,7.9443359375,13.797422409057617,0.052656494081020355
0.6020000000000001,0.04002927616238594,7.94586181640625,13.807353019714355,0.053221747279167175
0.6025,0.04003068059682846,7.94403076171875,13.814291000366211,0.05247871205210686
0.603,0.040032267570495605,7.94647216796875,13.81982135772705,0.0529852919280529
0.6034999999999999,0.04003394767642021,7.94647216796875,13.825318336486816,0.05325045436620712
0.6040000000000001,0.040035050362348557,7.94525146484375,13.831424713134766,0.05338146537542343
0.6045,0.040035493671894073,0.00152587890625,13.83833122253418,0.053354110568761826
0.605,0.040035367012023926,0.0006103515625,13.847602844238281,0.053334180265665054
0.6054999999999999,0.04003435745835304,0.0006103515625,13.858051300048828,0.052839480340480804
0.6060000000000001,0.04003329575061798,0.0006103515625,13.868274688720703,0.05346027389168739
0.6065,0.040031906217336655,0.0006103515625,13.879430770874023,0.05353069305419922
0.607,0.04003070294857025,0.0006103515625,13.89084243774414,0.0540124736726284
0.6074999999999999,0.04002980515360832,0.00030517578125,13.902234077453613,0.053268954157829285
0.6080000000000001,0.04002903401851654,0.00030517578125,13.91317367553711,0.05347094684839249
0.6085,0.040028609335422516,0.00030517578125,13.924525260925293,0.05390426889061928
0.609,0.040028639137744904,0.0006103515625,13.935015678405762,0.05339336395263672
0.6094999999999999,0.040028687566518784,7.95166015625,13.944747924804688,0.05388690158724785
0.6100000000000001,0.04002851992845535,7.9437255859375,13.953886032104492,0.053730498999357224
0.6105,0.040029093623161316,7.95440673828125,13.961675643920898,0.05332346633076668
0.611,0.04002979025244713,7.94586181640625,13.96917724609375,0.05370144918560982
0.6114999999999999,0.04003075882792473,7.9437255859375,13.974410057067871,0.053357768803834915
0.6120000000000001,0.04003196209669113,7.945556640625,13.978612899780273,0.053485073149204254
0.6125,0.04003309831023216,7.9443359375,13.981103897094727,0.05323559045791626
0.613,0.04003457725048065,7.94677734375,13.982255935668945,0.05334094911813736
0.6134999999999999,0.04003595933318138,7.9461669921875,13.982904434204102,0.05389295145869255
0.6140000000000001,0.04003700241446495,7.9449462890625,13.9846773147583,0.0541837178170681
0.6145,0.04003734886646271,0.0018310546875,13.98823070526123,0.05428529158234596
0.615,0.040036749094724655,0.00091552734375,13.992396354675293,0.05354972183704376
0.6154999999999999,0.04003610461950302,0.0006103515625,13.998583793640137,0.05349945276975632
0.6160000000000001,0.04003476724028587,0.00030517578125,14.005391120910645,0.05315295606851578
0.6165,0.0400334894657135,0.00030517578125,14.01272201538086,0.0538000613451004
0.617,0.04003186523914337,0.00030517578125,14.02033805847168,0.05327511578798294
0.6174999999999999,0.04003100097179413,0.0006103515625,14.028166770935059,0.053822074085474014
0.6180000000000001,0.040030110627412796,0.0006103515625,14.036643028259277,0.05398399382829666
0.6185,0.040029555559158325,0.0006103515625,14.044183731079102,0.053922396153211594
0.619,0.04002932831645012,0.0006103515625,14.05239486694336,0.05410654470324516
0.6194999999999999,0.04002898186445236,7.95135498046875,14.059284210205078,0.05334408953785896
0.6200000000000001,0.04002935066819191,7.9425048828125,14.0650634765625,0.05324377864599228
0.6205,0.04002971947193146,7.9534912109375,14.071224212646484,0.054822396486997604
0.621,0.04003046080470085,7.945556640625,14.075943946838379,0.05487062409520149
0.6214999999999999,0.04003108665347099,7.94342041015625,14.07906436920166,0.0539952851831913
0.6220000000000001,0.0400320403277874,7.94586181640625,14.081565856933594,0.05388832092285156
0.6225,0.04003327712416649,7.94525146484375,14.082534790039062,0.05395926162600517
0.623,0.040034450590610504,7.94708251953125,14.082012176513672,0.053540341556072235
0.6234999999999999,0.04003573954105377,7.945556640625,14.081014633178711,0.05383020639419556
0.6240000000000001,0.04003659635782242,7.9437255859375,14.081459999084473,0.05383501946926117
0.6245,0.040036898106336594,0.0018310546875,14.082802772521973,0.053340766578912735
0.625,0.04003635793924332,0.0006103515625,14.085905075073242,0.05401933565735817
0.6255,0.04003562033176422,0.00091552734375,14.091410636901855,0.053927231580019
0.6259999999999999,0.04003417491912842,0.0,14.096582412719727,0.05393386259675026
0.6265000000000001,0.04003281146287918,0.0006103515625,14.10303020477295,0.054075177758932114
0.627,0.04003144055604935,0.00030517578125,14.10987663269043,0.05362730845808983
0.6275,0.04003062844276428,0.00030517578125,14.117209434509277,0.0544763058423996
0.6279999999999999,0.04002976045012474,0.0006103515625,14.124267578125,0.05427305027842522
0.6285000000000001,0.04002891480922699,0.0006103515625,14.131147384643555,0.054448939859867096
0.629,0.040029093623161316,0.00030517578125,14.13805866241455,0.0549020990729332
0.6295,0.04002872481942177,7.9510498046875,14.144174575805664,0.05433804169297218
0.6299999999999999,0.04002891480922699,7.94158935546875,14.149456024169922,0.05467286333441734
0.6305000000000001,0.040029317140579224,7.9534912109375,14.154353141784668,0.05324866622686386
0.631,0.04003005102276802,7.94464111328125,14.158512115478516,0.05402470380067825
0.6315,0.04003065079450607,7.943115234375,14.160755157470703,0.05406088009476662
0.6319999999999999,0.04003169387578964,7.94708251953125,14.161827087402344,0.05393606796860695
0.6325000000000001,0.040033016353845596,7.94586181640625,14.16263198852539,0.05485742166638374
0.633,0.04003402590751648,7.94586181640625,14.161463737487793,0.05437422916293144
0.6335,0.040035318583250046,7.9443359375,14.160392761230469,0.05464383587241173
0.6339999999999999,0.04003644734621048,7.9425048828125,14.159210205078125,0.05402282625436783
0.6345000000000001,0.04003649204969406,0.0018310546875,14.16069221496582,0.053690049797296524
0.635,0.04003626108169556,0.00030517578125,14.162983894348145,0.05445520952343941
0.6355,0.04003562033176422,0.00030517578125,14.16706657409668,0.05394585430622101
0.6359999999999999,0.040034219622612,0.0006103515625,14.171805381774902,0.05520816519856453
0.6365000000000001,0.04003309831023216,0.0006103515625,14.176654815673828,0.05427255481481552
0.637,0.040031928569078445,0.00091552734375,14.182546615600586,0.05430452898144722
0.6375,0.040031012147665024,0.00091552734375,14.188010215759277,0.05430852621793747
0.6379999999999999,0.04003016650676727,0.0006103515625,14.19432544708252,0.053927961736917496
0.6385000000000001,0.04002956300973892,0.00030517578125,14.20032024383545,0.054717015475034714
0.639,0.04002950340509415,0.00030517578125,14.205281257629395,0.05409207567572594
0.6395,0.040029413998126984,7.9498291015625,14.210214614868164,0.05412628874182701
0.6399999999999999,0.040029823780059814,7.94097900390625,14.21444034576416,0.05467178672552109
0.6405000000000001,0.04002993181347847,7.9522705078125,14.217801094055176,0.05539039894938469
0.641,0.04003090038895607,7.94281005859375,14.220243453979492,0.05543360114097595
0.6415,0.04003143683075905,7.9449462890625,14.221485137939453,0.0541989728808403
0.6419999999999999,0.04003255441784859,7.94769287109375,14.221738815307617,0.05496944114565849
0.6425000000000001,0.040033742785453796,7.9461669921875,14.219897270202637,0.05421735346317291
0.643,0.04003491625189781,7.94464111328125,14.217672348022461,0.05459781363606453
0.6435,0.04003634676337242,7.9425048828125,14.214757919311523,0.05485367029905319
0.6439999999999999,0.04003716632723808,7.9425048828125,14.212360382080078,0.05485830828547478
0.6445000000000001,0.040037933737039566,0.00152587890625,14.211958885192871,0.05489693954586983
0.645,0.04003727063536644,0.00091552734375,14.212484359741211,0.05398816242814064
0.6455,0.04003650322556496,0.00091552734375,14.214550018310547,0.05429951101541519
0.6459999999999999,0.04003538936376572,0.0006103515625,14.217818260192871,0.05487055703997612
0.6465000000000001,0.04003429040312767,0.0006103515625,14.22136402130127,0.05470222234725952
0.647,0.04003290459513664,0.00030517578125,14.225656509399414,0.05476444587111473
0.6475,0.04003174230456352,0.0,14.229557037353516,0.0545208565890789
0.6479999999999999,0.040031351149082184,0.00030517578125,14.233895301818848,0.0552779883146286
0.6485000000000001,0.0400308221578598,0.0006103515625,14.23796558380127,0.05493495240807533
0.649,0.04003063216805458,0.0006103515625,14.241713523864746,0.05519332364201546
0.6495,0.04003065079450607,7.94769287109375,14.245268821716309,0.055128175765275955
0.6499999999999999,0.040030911564826965,7.9412841796875,14.247430801391602,0.0551009364426136
0.6505000000000001,0.04003141075372696,7.950439453125,14.249517440795898,0.05449577420949936
0.651,0.04003200680017471,7.94097900390625,14.250265121459961,0.054980576038360596
0.6515,0.04003286734223366,7.9461669921875,14.249738693237305,0.0551409050822258
0.6519999999999999,0.040033698081970215,7.9461669921875,14.248482704162598,0.054728101938962936
0.6525000000000001,0.0400347039103508,7.9443359375,14.246113777160645,0.054779089987277985
0.653,0.04003593325614929,7.9425048828125,14.242615699768066,0.05455727130174637
0.6535,0.040036890655756,7.9425048828125,14.238335609436035,0.054437462240457535
0.6539999999999999,0.04003778100013733,7.9443359375,14.235321998596191,0.0553860105574131
0.6545000000000001,0.04003824293613434,0.0018310546875,14.233226776123047,0.05564234033226967
0.655,0.04003773629665375,0.00030517578125,14.233534812927246,0.055110782384872437
0.6555,0.040037136524915695,0.0006103515625,14.234972953796387,0.054961610585451126
0.6559999999999999,0.04003619775176048,0.0006103515625,14.236551284790039,0.05480952188372612
0.6565000000000001,0.040034666657447815,0.0006103515625,14.239553451538086,0.05503435432910919
0.657,0.040033407509326935,0.0006103515625,14.242844581604004,0.05474202334880829
0.6575,0.04003236070275307,-0.00030517578125,14.246663093566895,0.05532851815223694
0.6579999999999999,0.04003170505166054,0.0006103515625,14.250439643859863,0.05600755289196968
0.6585000000000001,0.0400308296084404,0.0006103515625,14.253515243530273,0.0549146942794323
0.659,0.040030788630247116,0.0,14.25741195678711,0.0552699938416481
0.6595,0.04003076255321503,7.9473876953125,14.260115623474121,0.054735537618398666
0.6599999999999999,0.04003080725669861,7.94281005859375,14.261798858642578,0.05464963614940643
0.6605000000000001,0.04003157466650009,7.95013427734375,14.263224601745605,0.055882714688777924
0.661,0.040031835436820984,7.94189453125,14.264320373535156,0.05552215501666069
0.6615,0.04003249853849411,7.94647216796875,14.264598846435547,0.05551144480705261
0.6619999999999999,0.04003315418958664,7.9437255859375,14.26314640045166,0.055047694593667984
0.6625000000000001,0.04003448411822319,7.943115234375,14.260616302490234,0.05557165667414665
0.663,0.04003556817770004,7.943115234375,14.257180213928223,0.05530531331896782
0.6635,0.040036264806985855,7.94464111328125,14.253406524658203,0.05442001670598984
0.6639999999999999,0.04003725200891495,7.94586181640625,14.250765800476074,0.05556511506438255
0.6645000000000001,0.040037501603364944,0.0018310546875,14.24942684173584,0.05493932217359543
0.665,0.04003714770078659,0.0006103515625,14.249943733215332,0.055694159120321274
0.6655,0.040036365389823914,0.00030517578125,14.251265525817871,0.055533431470394135
0.6659999999999999,0.04003526270389557,0.0006103515625,14.253872871398926,0.05521334707736969
0.6665000000000001,0.04003395885229111,0.00030517578125,14.25736141204834,0.055260226130485535
0.667,0.040032532066106796,0.00030517578125,14.26115608215332,0.05478373169898987
0.6675,0.04003167152404785,0.0,14.265373229980469,0.055197808891534805
0.6679999999999999,0.04003092274069786,0.00030517578125,14.2698392868042,0.0551464781165123
0.6685000000000001,0.040030281990766525,-0.00030517578125,14.27331829071045,0.0557233989238739
0.669,0.04002998769283295,0.0,14.277593612670898,0.056056827306747437
0.6695,0.04003003239631653,7.94952392578125,14.280930519104004,0.055713020265102386
0.6699999999999999,0.040030233561992645,7.94342041015625,14.283617973327637,0.05661818012595177
0.6705000000000001,0.04003046452999115,7.95166015625,14.285672187805176,0.05485902726650238
0.671,0.04003141075372696,7.9437255859375,14.287240982055664,0.0553736574947834
0.6715,0.040031999349594116,7.9449462890625,14.287081718444824,0.05545288324356079
0.6719999999999999,0.04003262519836426,7.9437255859375,14.286410331726074,0.05528173968195915
0.6725000000000001,0.04003395140171051,7.9425048828125,14.28485107421875,0.05679449439048767
0.673,0.04003491252660751,7.94525146484375,14.281327247619629,0.05619887262582779
0.6735,0.040035732090473175,7.94586181640625,14.278470993041992,0.056176330894231796
0.6739999999999999,0.04003675654530525,7.94525146484375,14.275803565979004,0.05533381551504135
0.6745000000000001,0.04003702104091644,0.00152587890625,14.274914741516113,0.05515989288687706
0.675,0.04003702476620674,0.00091552734375,14.275172233581543,0.05514323338866234
0.6755,0.04003603011369705,0.0006103515625,14.276376724243164,0.054727282375097275
0.6759999999999999,0.04003528505563736,0.00091552734375,14.278733253479004,0.05576144903898239
0.6765000000000001,0.040033917874097824,0.0006103515625,14.281951904296875,0.05539511516690254
0.677,0.04003266245126724,0.00030517578125,14.285346984863281,0.05599173903465271
0.6775,0.0400317944586277,0.0006103515625,14.289261817932129,0.055633723735809326
0.6779999999999999,0.040031250566244125,0.00091552734375,14.292996406555176,0.055749766528606415
0.6785000000000001,0.040030643343925476,0.0,14.296164512634277,0.05584431439638138
0.679,0.040030587464571,0.001220703125,14.29968547821045,0.05499453842639923
0.6795,0.040030911564826965,7.9510498046875,14.302196502685547,0.055673062801361084
0.6799999999999999,0.0400308221578598,7.94281005859375,14.304652214050293,0.055738676339387894
0.6805000000000001,0.04003124684095383,7.95318603515625,14.305879592895508,0.057516731321811676
0.681,0.04003187268972397,7.94525146484375,14.306285858154297,0.056616101413965225
0.6815,0.04003254324197769,7.94281005859375,14.306241989135742,0.0554748959839344
0.6819999999999999,0.04003329947590828,7.94525146484375,14.304177284240723,0.05565103888511658
0.6825000000000001,0.040034446865320206,7.943115234375,14.301755905151367,0.05565653368830681
0.683,0.04003553092479706,7.94586181640625,14.29825210571289,0.055516600608825684
0.6835,0.04003680497407913,7.9449462890625,14.2937593460083,0.05569946765899658
0.6839999999999999,0.04003734141588211,7.9437255859375,14.2904634475708,0.0554690957069397
0.6845000000000001,0.040037889033555984,0.00152587890625,14.288551330566406,0.055688682943582535
0.685,0.04003751650452614,0.00091552734375,14.288431167602539,0.05559796467423439
0.6855,0.04003676772117615,0.00091552734375,14.288702011108398,0.05592949688434601
0.6859999999999999,0.04003605991601944,0.0,14.29057788848877,0.056016311049461365
0.6865000000000001,0.04003464803099632,0.0006103515625,14.29247760772705,0.0553848035633564
0.687,0.04003369063138962,0.0006103515625,14.295601844787598,0.0555797778069973
0.6875,0.04003245756030083,0.00030517578125,14.298465728759766,0.055803779512643814
0.688,0.0400320403277874,0.00091552734375,14.301599502563477,0.05643606558442116
0.6884999999999999,0.04003136605024338,0.0,14.303387641906738,0.05607699975371361
0.6890000000000001,0.04003122076392174,0.00091552734375,14.306742668151855,0.056880027055740356
0.6895,0.040031395852565765,7.95013427734375,14.308448791503906,0.05637981742620468
0.69,0.04003151133656502,7.94036865234375,14.309920310974121,0.05590633675456047
0.6904999999999999,0.04003191739320755,7.9522705078125,14.3108549118042,0.05537280812859535
0.6910000000000001,0.04003232344985008,7.94281005859375,14.310437202453613,0.05530522018671036
0.6915,0.040033191442489624,7.943115234375,14.30925464630127,0.05574331060051918
0.692,0.04003378376364708,7.94647216796875,14.307021141052246,0.05608386918902397
0.6924999999999999,0.040034953504800797,7.94586181640625,14.304242134094238,0.055980805307626724
0.6930000000000001,0.04003617912530899,7.94525146484375,14.299718856811523,0.05623340979218483
0.6935,0.04003731906414032,7.9425048828125,14.29588508605957,0.0558324009180069
0.694,0.040037937462329865,7.94158935546875,14.29150104522705,0.055971208959817886
0.6944999999999999,0.040038101375103,0.00213623046875,14.289185523986816,0.056038402020931244
0.6950000000000001,0.04003783315420151,0.00030517578125,14.288775444030762,0.05606522411108017
0.6955,0.04003702104091644,0.0006103515625,14.288280487060547,0.055789388716220856
0.696,0.040036268532276154,0.0006103515625,14.289944648742676,0.05626444146037102
0.6964999999999999,0.04003511369228363,0.001220703125,14.291598320007324,0.05639273673295975
0.6970000000000001,0.040033645927906036,0.0006103515625,14.294279098510742,0.055485159158706665
0.6975,0.04003265127539635,0.00030517578125,14.296820640563965,0.055993493646383286
0.698,0.0400320328772068,0.0006103515625,14.299415588378906,0.056219521909952164
0.6984999999999999,0.04003135859966278,0.0006103515625,14.301775932312012,0.05552149564027786
0.6990000000000001,0.04003137722611427,0.00030517578125,14.304397583007812,0.05580601096153259
0.6995,0.04003128036856651,7.9473876953125,14.306249618530273,0.055615052580833435
0.7,0.04003148898482323,7.9400634765625,14.30724811553955,0.05586649104952812
0.7004999999999999,0.040031954646110535,7.95074462890625,14.30829906463623,0.05693590268492699
0.7010000000000001,0.04003233462572098,7.94158935546875,14.308084487915039,0.05626796931028366
0.7015,0.0400330051779747,7.94525146484375,14.307190895080566,0.056156303733587265
0.702,0.04003376141190529,7.94647216796875,14.304932594299316,0.05591610074043274
0.7024999999999999,0.040034741163253784,7.94464111328125,14.301506996154785,0.05560561642050743
0.7030000000000001,0.04003598168492317,7.94281005859375,14.297647476196289,0.05563906207680702
0.7035,0.040036626160144806,7.94189453125,14.293755531311035,0.055931247770786285
0.704,0.04003741592168808,7.9425048828125,14.290369033813477,0.05608928203582764
0.7044999999999999,0.0400376096367836,0.00213623046875,14.287712097167969,0.055926524102687836
0.7050000000000001,0.04003768786787987,0.00030517578125,14.286952018737793,0.05594347044825554
0.7055,0.04003682732582092,0.0006103515625,14.287346839904785,0.055553823709487915
0.706,0.04003581032156944,0.00030517578125,14.28890609741211,0.0561474971473217
0.7064999999999999,0.040034689009189606,0.00030517578125,14.290923118591309,0.056324154138565063
0.7070000000000001,0.04003331437706947,0.0006103515625,14.29383373260498,0.05574318766593933
0.7075,0.04003220796585083,0.0006103515625,14.296958923339844,0.05675671994686127
0.708,0.0400320403277874,0.0,14.299187660217285,0.05558977648615837
0.7084999999999999,0.04003140330314636,0.0,14.30212116241455,0.05641590803861618
0.7090000000000001,0.04003102704882622,0.0,14.304590225219727,0.056361738592386246
0.7095,0.04003104194998741,7.94677734375,14.306690216064453,0.05617605149745941
0.71,0.04003129526972771,7.9412841796875,14.30835247039795,0.05679221823811531
0.7104999999999999,0.04003158584237099,7.94952392578125,14.30859375,0.054654236882925034
0.7110000000000001,0.04003158211708069,7.9400634765625,14.305645942687988,0.05604562163352966
0.7115,0.04003036767244339,7.94586181640625,14.294270515441895,0.05672783404588699
0.712,0.04002721980214119,7.9443359375,14.272627830505371,0.05664708465337753
0.7124999999999999,0.04002242535352707,7.9425048828125,14.239334106445312,0.05620420724153519
0.7130000000000001,0.04001590609550476,7.94219970703125,14.193612098693848,0.055948007851839066
0.7135,0.04000776261091232,7.94342041015625,14.136852264404297,0.05671769008040428
0.714,0.03999793156981468,7.94464111328125,14.069565773010254,0.056893881410360336
0.7144999999999999,0.03998684510588646,0.0018310546875,13.99589729309082,0.05779403820633888
0.7150000000000001,0.03997432440519333,0.00091552734375,13.917045593261719,0.05884090065956116
0.7155,0.039961110800504684,0.00030517578125,13.839076042175293,0.05919807404279709
0.716,0.039948634803295135,0.0006103515625,13.765054702758789,0.05998280644416809
0.7164999999999999,0.03993624076247215,0.0006103515625,13.696998596191406,0.06034010648727417
0.7170000000000001,0.039924804121255875,0.0,13.634405136108398,0.06040633097290993
0.7175,0.039914004504680634,0.00030517578125,13.577068328857422,0.06083257868885994
0.718,0.03990458324551582,0.0006103515625,13.525125503540039,0.060903389006853104
0.7184999999999999,0.0398954376578331,0.001220703125,13.477213859558105,0.061168234795331955
0.7190000000000001,0.03988749906420708,0.00030517578125,13.433293342590332,0.06114843860268593
0.7195,0.03988063335418701,7.94952392578125,13.395108222961426,0.06164952740073204
0.72,0.03987417742609978,7.943115234375,13.360061645507812,0.06098112836480141
0.7204999999999999,0.03986848518252373,7.95166015625,13.328960418701172,0.062380652874708176
0.7210000000000001,0.03986327350139618,7.94342041015625,13.300623893737793,0.06106988713145256
0.7215,0.03985880687832832,7.94342041015625,13.276494026184082,0.06004130095243454
0.722,0.039854615926742554,7.943115234375,13.254293441772461,0.0601159892976284
0.7224999999999999,0.03985069692134857,7.94189453125,13.233484268188477,0.05989905074238777
0.7230000000000001,0.03984803333878517,7.9449462890625,13.21542739868164,0.06077221781015396
0.7235,0.039845265448093414,7.945556640625,13.198699951171875,0.059933993965387344
0.724,0.039842862635850906,7.94464111328125,13.185468673706055,0.06023060530424118
0.7244999999999999,0.03984051197767258,0.0018310546875,13.175976753234863,0.05996278300881386
0.7250000000000001,0.03983743116259575,0.00091552734375,13.170162200927734,0.05968861281871796
0.7255,0.03983434662222862,0.00030517578125,13.16745376586914,0.059124089777469635
0.726,0.039831213653087616,0.00091552734375,13.168519973754883,0.05934016406536102
0.7264999999999999,0.03982777148485184,0.00030517578125,13.171767234802246,0.059747688472270966
0.7270000000000001,0.03982437402009964,0.0006103515625,13.177159309387207,0.0595945306122303
0.7275,0.03982175141572952,0.00030517578125,13.184417724609375,0.058981653302907944
0.728,0.03981955349445343,0.00030517578125,13.193257331848145,0.05971801280975342
0.7284999999999999,0.03981759771704674,0.0,13.202484130859375,0.058840200304985046
0.7290000000000001,0.03981657326221466,0.00030517578125,13.213007926940918,0.05950154364109039
0.7295,0.03981554135680199,7.950439453125,13.223129272460938,0.05919410660862923
0.73,0.03981522098183632,7.94158935546875,13.233855247497559,0.05916020646691322
0.7304999999999999,0.03981514647603035,7.95318603515625,13.244451522827148,0.0581938736140728
0.7310000000000001,0.0398152694106102,7.9443359375,13.253680229187012,0.0587688609957695
0.7315,0.039815936237573624,7.9425048828125,13.262578010559082,0.059706058353185654
0.732,0.0398167259991169,7.9449462890625,13.270162582397461,0.05929594486951828
0.7324999999999999,0.03981798514723778,7.94281005859375,13.277379035949707,0.059061888605356216
0.7330000000000001,0.03981955349445343,7.945556640625,13.282512664794922,0.05930015817284584
0.7335,0.039820581674575806,7.9443359375,13.287446975708008,0.059048350900411606
0.734,0.039822179824113846,7.9425048828125,13.292630195617676,0.060162514448165894
0.7344999999999999,0.039823226630687714,0.00152587890625,13.299546241760254,0.05978092923760414
0.7350000000000001,0.039823636412620544,0.0006103515625,13.307975769042969,0.06005575507879257
0.7355,0.03982285410165787,0.00091552734375,13.31721019744873,0.05923157185316086
0.736,0.039822328835725784,0.0006103515625,13.328078269958496,0.05898521840572357
0.7364999999999999,0.039821553975343704,0.00030517578125,13.339272499084473,0.05953408032655716
0.7370000000000001,0.039820536971092224,0.0006103515625,13.35056209564209,0.058813296258449554
0.7375,0.03981994837522507,0.0,13.36246395111084,0.059796325862407684
0.738,0.039819564670324326,0.0,13.374320983886719,0.05987942963838577
0.7384999999999999,0.03981926664710045,0.00030517578125,13.3864107131958,0.05958011373877525
0.7390000000000001,0.039819274097681046,0.0006103515625,13.397607803344727,0.05929834023118019
0.7395,0.03981968015432358,7.94891357421875,13.407973289489746,0.05942192301154137
0.74,0.039820343255996704,7.94036865234375,13.417791366577148,0.05951346084475517
0.7404999999999999,0.03982086479663849,7.95166015625,13.426592826843262,0.060499731451272964
0.7410000000000001,0.039821770042181015,7.9425048828125,13.434008598327637,0.05953437462449074
0.7415,0.039823006838560104,7.94281005859375,13.441085815429688,0.059680528938770294
0.742,0.03982424736022949,7.94647216796875,13.44633674621582,0.05943545326590538
0.7424999999999999,0.03982577845454216,7.9449462890625,13.449405670166016,0.059551902115345
0.7430000000000001,0.03982754424214363,7.94403076171875,13.452239036560059,0.058636367321014404
0.7435,0.039828844368457794,7.9412841796875,13.453656196594238,0.05935830995440483
0.744,0.03983012214303017,7.9412841796875,13.456023216247559,0.05896111950278282
0.7444999999999999,0.03983094543218613,0.00152587890625,13.458789825439453,0.058182328939437866
0.7450000000000001,0.03983129560947418,0.00091552734375,13.463665008544922,0.05897371098399162
0.7455,0.03983072191476822,0.0006103515625,13.469114303588867,0.05859429016709328
0.746,0.0398300439119339,0.00030517578125,13.475199699401855,0.0590469054877758
0.7464999999999999,0.03982917219400406,0.0006103515625,13.482756614685059,0.05874565616250038
0.7470000000000001,0.03982828930020332,0.00030517578125,13.490081787109375,0.058802034705877304
0.7475,0.039827603846788406,-0.00030517578125,13.497532844543457,0.05892765894532204
0.748,0.0398268848657608,0.0006103515625,13.505284309387207,0.05869117006659508
0.7484999999999999,0.03982674330472946,0.00030517578125,13.512625694274902,0.059095486998558044
0.7490000000000001,0.03982621058821678,0.00030517578125,13.519340515136719,0.05814649164676666
0.7495,0.03982667997479439,7.9461669921875,13.526274681091309,0.058969005942344666
0.75,0.03982694819569588,7.940673828125,13.531655311584473,0.05954466015100479
0.7505,0.03982701897621155,7.9486083984375,13.536934852600098,0.05815653130412102
0.7509999999999999,0.03982796147465706,7.9400634765625,13.540749549865723,0.05859445035457611
0.7515000000000001,0.03982900455594063,7.94586181640625,13.542963981628418,0.0585004948079586
0.752,0.03982993960380554,7.9437255859375,13.545083999633789,0.05896490067243576
0.7525,0.03983118012547493,7.94219970703125,13.545666694641113,0.05835089832544327
0.7529999999999999,0.039832498878240585,7.9412841796875,13.544496536254883,0.05843952298164368
0.7535000000000001,0.03983381763100624,7.9425048828125,13.542989730834961,0.05870771408081055
0.754,0.0398346446454525,7.9443359375,13.5420503616333,0.058686304837465286
0.7545,0.03983490169048309,0.00152587890625,13.542719841003418,0.058866363018751144
0.7549999999999999,0.039835166186094284,0.00091552734375,13.54491138458252,0.05837619677186012
0.7555000000000001,0.03983444720506668,0.00030517578125,13.547666549682617,0.05886487662792206
0.756,0.03983340412378311,0.00030517578125,13.551697731018066,0.058172956109046936
0.7565,0.03983251750469208,0.00030517578125,13.556211471557617,0.05818762630224228
0.7569999999999999,0.039831407368183136,0.0,13.561609268188477,0.058927927166223526
0.7575000000000001,0.03983033820986748,0.00091552734375,13.566849708557129,0.05879868194460869
0.758,0.03982947766780853,0.00091552734375,13.573152542114258,0.05948670953512192
0.7585,0.03982878848910332,0.0006103515625,13.578523635864258,0.05868811905384064
0.7589999999999999,0.03982850909233093,0.0,13.583709716796875,0.05820592865347862
0.7595000000000001,0.03982876241207123,7.947998046875,13.588024139404297,0.05814922973513603
0.76,0.039829108864068985,7.94281005859375,13.59219741821289,0.05804239213466644
0.7605,0.03982954099774361,7.950439453125,13.595368385314941,0.05972154811024666
0.7609999999999999,0.03982984274625778,7.9425048828125,13.59809684753418,0.058820873498916626
0.7615000000000001,0.03983057662844658,7.94342041015625,13.599787712097168,0.058981359004974365
0.762,0.03983166813850403,7.9425048828125,13.599959373474121,0.058493293821811676
0.7625,0.0398324579000473,7.940673828125,13.599096298217773,0.058608733117580414
0.7629999999999999,0.039833635091781616,7.9437255859375,13.597515106201172,0.05858813226222992
0.7635000000000001,0.039834558963775635,7.9449462890625,13.59567928314209,0.05808211863040924
0.764,0.03983579948544502,7.94342041015625,13.593402862548828,0.05823654681444168
0.7645,0.03983592987060547,0.00152587890625,13.592812538146973,0.05791984125971794
0.7649999999999999,0.039835672825574875,0.0006103515625,13.594109535217285,0.05843135342001915
0.7655000000000001,0.03983515128493309,0.0006103515625,13.596489906311035,0.0592518150806427
0.766,0.03983405977487564,0.0,13.599564552307129,0.0586913526058197
0.7665,0.039833202958106995,0.0006103515625,13.603713989257812,0.059222567826509476
0.7669999999999999,0.039831724017858505,0.0006103515625,13.608266830444336,0.058200012892484665
0.7675000000000001,0.039830949157476425,0.00030517578125,13.612746238708496,0.05850860849022865
0.768,0.03982999920845032,0.0006103515625,13.617923736572266,0.058574821799993515
0.7685,0.039829403162002563,0.00030517578125,13.623120307922363,0.05868437513709068
0.7689999999999999,0.039829280227422714,0.00030517578125,13.6271333694458,0.05876584351062775
0.7695000000000001,0.039829060435295105,0.00091552734375,13.631400108337402,0.058618251234292984
0.77,0.03982946649193764,0.0006103515625,13.634834289550781,0.05936741083860397
0.7705,0.03982968628406525,0.0,13.637405395507812,0.057831037789583206
0.7709999999999999,0.039830371737480164,0.0,13.639969825744629,0.058336980640888214
0.7715000000000001,0.039831146597862244,-0.00030517578125,13.640251159667969,0.05884592980146408
0.772,0.03983202949166298,0.0,13.640440940856934,0.058023735880851746
0.7725,0.039833176881074905,-0.00030517578125,13.639145851135254,0.05894751474261284
0.7729999999999999,0.03983413428068161,0.0006103515625,13.636640548706055,0.05899277329444885
0.7735000000000001,0.039835404604673386,0.0006103515625,13.633367538452148,0.05954604595899582
0.774,0.03983655571937561,0.00030517578125,13.628223419189453,0.058169886469841
0.7745,0.03983766585588455,0.0,13.622259140014648,0.057925499975681305
0.7749999999999999,0.039839018136262894,0.00030517578125,13.615017890930176,0.05870269611477852
0.7755000000000001,0.03984031453728676,0.0,13.60621452331543,0.05794588476419449
0.776,0.03984173387289047,0.0,13.595682144165039,0.05844344198703766
0.7765,0.03984322026371956,0.00030517578125,13.584305763244629,0.058602552860975266
0.7769999999999999,0.03984438627958298,0.0006103515625,13.571197509765625,0.058704912662506104
0.7775000000000001,0.03984595090150833,0.0006103515625,13.556830406188965,0.05966344475746155
0.778,0.039847176522016525,0.00030517578125,13.540733337402344,0.059200067073106766
0.7785,0.039848603308200836,0.0006103515625,13.523564338684082,0.05896405875682831
0.7789999999999999,0.03985005244612694,0.00030517578125,13.50395393371582,0.05892983824014664
0.7795000000000001,0.039851441979408264,0.0,13.483634948730469,0.05908972769975662
0.78,0.03985324501991272,0.0006103515625,13.46143627166748,0.05963272973895073
0.7805,0.03985447809100151,0.0,13.437471389770508,0.06071353703737259
0.7809999999999999,0.03985615819692612,0.00030517578125,13.411348342895508,0.0602654367685318
0.7815000000000001,0.03985750675201416,0.00030517578125,13.384112358093262,0.05946406349539757
0.782,0.03985963761806488,0.0006103515625,13.354225158691406,0.06008186191320419
0.7825,0.039861325174570084,0.0,13.321089744567871,0.059484612196683884
0.7829999999999999,0.039863377809524536,0.00030517578125,13.286320686340332,0.05955188348889351
0.7835000000000001,0.039865657687187195,0.0,13.247875213623047,0.060445159673690796
0.784,0.03986797854304314,0.0,13.20607852935791,0.05958237871527672
0.7845,0.03987090662121773,0.0,13.161459922790527,0.06075100228190422
0.7849999999999999,0.03987376019358635,0.00030517578125,13.11365795135498,0.060705140233039856
0.7855000000000001,0.039876788854599,0.00030517578125,13.061655044555664,0.06096814572811127
0.786,0.039880186319351196,0.00030517578125,13.004831314086914,0.06023763120174408
0.7865,0.03988437354564667,0.00030517578125,12.943643569946289,0.06109897419810295
0.7869999999999999,0.03988853842020035,0.00030517578125,12.875921249389648,0.06135852634906769
0.7875000000000001,0.039893120527267456,0.00091552734375,12.801422119140625,0.061612945050001144
0.788,0.0398990772664547,0.0006103515625,12.717429161071777,0.06309445202350616
0.7885,0.039906274527311325,0.0006103515625,12.62231159210205,0.06311599910259247
0.7889999999999999,0.03991476818919182,0.00030517578125,12.512608528137207,0.06351230293512344
0.7895000000000001,0.039926089346408844,0.00091552734375,12.384012222290039,0.06472064554691315
0.79,0.03994037210941315,0.00030517578125,12.232491493225098,0.0653161033987999
0.7905,0.03995829448103905,0.0006103515625,12.05252456665039,0.0656033307313919
0.7909999999999999,0.03998062387108803,0.00030517578125,11.839632987976074,0.06744132936000824
0.7915000000000001,0.04000790789723396,0.00030517578125,11.588433265686035,0.06984274089336395
0.792,0.04004009813070297,0.0006103515625,11.299698829650879,0.07253622263669968
0.7925,0.04007516801357269,0.0,10.97579574584961,0.07460462301969528
0.7929999999999999,0.040111128240823746,0.00030517578125,10.625968933105469,0.07758484035730362
0.7935000000000001,0.040144067257642746,0.00030517578125,10.260452270507812,0.07913120090961456
0.794,0.04017173498868942,0.00030517578125,9.884410858154297,0.08166395127773285
0.7945,0.04019225388765335,0.00030517578125,9.505058288574219,0.08298516273498535
0.7949999999999999,0.04020533710718155,0.0006103515625,9.124814987182617,0.08484908193349838
0.7955000000000001,0.040211886167526245,0.00091552734375,8.74826717376709,0.08706966042518616
0.796,0.040211841464042664,-0.00030517578125,8.376784324645996,0.08833356946706772
0.7965,0.040207333862781525,0.0006103515625,8.014167785644531,0.09019112586975098
0.7969999999999999,0.04019854962825775,0.0,7.661240100860596,0.09031642973423004
0.7975000000000001,0.040186163038015366,0.0006103515625,7.320125579833984,0.09210501611232758
0.798,0.04017176106572151,0.0006103515625,6.992796897888184,0.09215184301137924
0.7985,0.04015536978840828,0.0,6.679081439971924,0.09273039549589157
0.7989999999999999,0.040137600153684616,0.00091552734375,6.379693031311035,0.09202880412340164
0.7995000000000001,0.04011872038245201,0.00030517578125,6.094187259674072,0.09153052419424057
0.8,0.04010021314024925,0.0006103515625,5.82396936416626,0.09125375002622604
0.8005,0.04008110985159874,0.00030517578125,5.567872047424316,0.09135273844003677
0.8009999999999999,0.040062565356492996,0.00030517578125,5.325675964355469,0.09041041135787964
0.8015000000000001,0.04004444554448128,0.00091552734375,5.097123622894287,0.08903110772371292
0.802,0.04002712666988373,0.0006103515625,4.881619453430176,0.08846056461334229
0.8025,0.04001035913825035,0.00091552734375,4.6777753829956055,0.0877835750579834
0.8029999999999999,0.03999456390738487,0.00030517578125,4.4859938621521,0.08763931691646576
0.8035000000000001,0.03998026251792908,0.0006103515625,4.305656433105469,0.08760826289653778
0.804,0.03996652737259865,0.0006103515625,4.133968353271484,0.08678895235061646
0.8045,0.039954282343387604,0.0,3.9714536666870117,0.08746630698442459
0.8049999999999999,0.039943043142557144,0.0,3.8167765140533447,0.0864945501089096
0.8055000000000001,0.039933692663908005,0.00030517578125,3.6696107387542725,0.08719740808010101
0.806,0.03992484509944916,0.00030517578125,3.529188394546509,0.0873226672410965
0.8065,0.039916981011629105,0.0006103515625,3.3945512771606445,0.08766721934080124
0.8069999999999999,0.039910487830638885,0.00030517578125,3.2643980979919434,0.0882556363940239
0.8075000000000001,0.03990459814667702,0.0006103515625,3.138986825942993,0.08876454830169678
0.808,0.03989983722567558,0.00030517578125,3.0173447132110596,0.0899541974067688
0.8085,0.03989572450518608,0.0,2.8995323181152344,0.09032715111970901
0.8089999999999999,0.039892248809337616,0.0006103515625,2.785273313522339,0.09159065783023834
0.8095000000000001,0.039889249950647354,0.0006103515625,2.6739165782928467,0.09157154709100723
0.81,0.03988666087388992,-0.00030517578125,2.5664076805114746,0.09303901344537735
0.8105,0.03988410532474518,0.00030517578125,2.460897445678711,0.09225384145975113
0.8109999999999999,0.039882294833660126,0.00030517578125,2.359130382537842,0.09473857283592224
0.8115000000000001,0.03988035023212433,0.00030517578125,2.25954532623291,0.0958583727478981
0.812,0.03987829014658928,0.0006103515625,2.1636300086975098,0.0966433435678482
0.8125,0.03987642750144005,0.00030517578125,2.070887327194214,0.09753774851560593
0.813,0.03987447917461395,0.00030517578125,1.980448842048645,0.09740819036960602
0.8134999999999999,0.039872728288173676,0.00030517578125,1.8946776390075684,0.09892269223928452
0.8140000000000001,0.03987051546573639,0.00030517578125,1.8110336065292358,0.09880431741476059
0.8145,0.03986821323633194,0.00030517578125,1.7318464517593384,0.10111964493989944
0.815,0.03986571729183197,0.0,1.655099868774414,0.10074138641357422
0.8154999999999999,0.0398632287979126,0.0,1.5828516483306885,0.10098002851009369
0.8160000000000001,0.03986070305109024,0.00030517578125,1.5136359930038452,0.10222050547599792
0.8165,0.03985808044672012,0.0006103515625,1.4476433992385864,0.10184149444103241
0.817,0.039855923503637314,0.00091552734375,1.3854057788848877,0.10245906561613083
0.8174999999999999,0.03985331580042839,0.0006103515625,1.325533151626587,0.10133364796638489
0.8180000000000001,0.039850931614637375,0.0,1.2693732976913452,0.10233639925718307
0.8185,0.03984874114394188,0.00030517578125,1.215599536895752,0.10177461802959442
0.819,0.039846520870923996,0.0006103515625,1.1656053066253662,0.10215649008750916
0.8194999999999999,0.0398445799946785,0.00030517578125,1.1170332431793213,0.10133230686187744
0.8200000000000001,0.03984280675649643,0.00030517578125,1.0724152326583862,0.10093685984611511
0.8205,0.039840977638959885,0.00091552734375,1.0291389226913452,0.10155351459980011
0.821,0.0398392416536808,0.0,0.9883297085762024,0.09948361665010452
0.8214999999999999,0.03983777388930321,0.00030517578125,0.9503570795059204,0.09938811510801315
0.8220000000000001,0.03983645141124725,0.00030517578125,0.9132766723632812,0.09883010387420654
0.8225,0.03983539342880249,0.00091552734375,0.8785850405693054,0.09871621429920197
0.823,0.039834149181842804,0.0,0.8451219201087952,0.09788603335618973
0.8234999999999999,0.039833296090364456,0.001220703125,0.8143987655639648,0.09760013222694397
0.8240000000000001,0.03983260318636894,0.0006103515625,0.784342348575592,0.09678996354341507
0.8245,0.039831750094890594,0.0006103515625,0.7554935216903687,0.09581530839204788
0.825,0.03983137384057045,0.00091552734375,0.7285073399543762,0.09589660167694092
0.8254999999999999,0.039830684661865234,0.00030517578125,0.702515721321106,0.0948929563164711
0.8260000000000001,0.0398300401866436,0.00030517578125,0.6776513457298279,0.09504883736371994
0.8265,0.03983018547296524,0.00091552734375,0.6541662812232971,0.09533297270536423
0.827,0.03982982039451599,0.0006103515625,0.6317710280418396,0.0952075868844986
0.8274999999999999,0.039829645305871964,0.00030517578125,0.610053300857544,0.09411344677209854
0.8280000000000001,0.03982909396290779,0.0006103515625,0.5888227820396423,0.09328501671552658
0.8285,0.039829254150390625,0.00030517578125,0.569610059261322,0.09387196600437164
0.829,0.03982902318239212,0.0,0.5506973266601562,0.09242282062768936
0.8294999999999999,0.03982878103852272,0.001220703125,0.532526433467865,0.09391941875219345
0.8300000000000001,0.03982894867658615,0.0006103515625,0.5159047842025757,0.09445703029632568
0.8305,0.03982872515916824,0.0006103515625,0.49955645203590393,0.09254475682973862
0.831,0.039828553795814514,0.0,0.4831145107746124,0.09329938143491745
0.8314999999999999,0.03982868790626526,0.00091552734375,0.46836724877357483,0.09338762611150742
0.8320000000000001,0.039828505367040634,0.0006103515625,0.4545843005180359,0.0941212847828865
0.8325,0.039828598499298096,0.0006103515625,0.44051244854927063,0.09347700327634811
0.833,0.03982853144407272,0.00030517578125,0.42723554372787476,0.09330930560827255
0.8334999999999999,0.03982864320278168,0.00030517578125,0.41456159949302673,0.09375201165676117
0.8340000000000001,0.03982870653271675,0.00030517578125,0.40333566069602966,0.09548529237508774
0.8345,0.039828669279813766,0.0006103515625,0.39148908853530884,0.09455052763223648
0.835,0.03982865810394287,0.0,0.3808196783065796,0.09471307694911957
0.8354999999999999,0.039828844368457794,0.0,0.37053605914115906,0.0945635661482811
0.8360000000000001,0.03982881084084511,0.00091552734375,0.36035674810409546,0.09513320028781891
0.8365,0.039828937500715256,0.0006103515625,0.3504761755466461,0.0947568267583847
0.837,0.039828889071941376,0.0006103515625,0.3412589430809021,0.09476292133331299
0.8374999999999999,0.03982916474342346,0.0006103515625,0.33278489112854004,0.09509939700365067
0.8380000000000001,0.03982897847890854,0.0,0.3240198493003845,0.09486819058656693
0.8385,0.039829179644584656,0.0006103515625,0.3163236379623413,0.09586881101131439
0.839,0.03982918709516525,0.0006103515625,0.3085832893848419,0.09548649191856384
0.8394999999999999,0.03982929512858391,0.0006103515625,0.30134010314941406,0.09519192576408386
0.8400000000000001,0.03982939198613167,0.00030517578125,0.29398399591445923,0.09524170309305191
0.8405,0.03982952982187271,0.0006103515625,0.28785842657089233,0.09564555436372757
0.841,0.039829500019550323,0.00030517578125,0.2813016176223755,0.09549880772829056
0.8414999999999999,0.039829421788454056,0.0006103515625,0.2748810648918152,0.09509852528572083
0.8420000000000001,0.0398300439119339,0.00030517578125,0.26893776655197144,0.0954737737774849
0.8425,0.03982989862561226,0.0006103515625,0.2634882628917694,0.09491045027971268
0.843,0.039830196648836136,0.00030517578125,0.2577909827232361,0.0952732190489769
0.8434999999999999,0.039830081164836884,0.0,0.25266069173812866,0.0940154418349266
0.8440000000000001,0.03983020409941673,0.00030517578125,0.24748991429805756,0.09409654140472412
0.8445,0.039830490946769714,0.0006103515625,0.2426217645406723,0.0942598506808281
0.845,0.039830051362514496,-0.00030517578125,0.23826958239078522,0.0939103215932846
0.8454999999999999,0.03983084112405777,0.0006103515625,0.23388120532035828,0.09402965754270554
0.8460000000000001,0.03983060643076897,0.0006103515625,0.22907933592796326,0.09366421401500702
0.8465,0.03983065113425255,0.0006103515625,0.22491608560085297,0.09353471547365189
0.847,0.039830707013607025,0.00030517578125,0.2210616171360016,0.09287171810865402
0.8474999999999999,0.03983078896999359,0.00030517578125,0.2174273133277893,0.09323404729366302
0.8480000000000001,0.03983115777373314,0.0006103515625,0.21322131156921387,0.0927874818444252
0.8485,0.03983123600482941,0.00030517578125,0.2101467400789261,0.09298748522996902
0.849,0.03983140364289284,0.00030517578125,0.2064713090658188,0.09448065608739853
0.8494999999999999,0.03983116149902344,0.00030517578125,0.2030998319387436,0.0928947925567627
0.8500000000000001,0.03983162343502045,0.00030517578125,0.19950194656848907,0.0935506671667099
0.8505,0.03983158618211746,0.0006103515625,0.1964697390794754,0.09218978136777878
0.851,0.03983178362250328,0.00030517578125,0.19357644021511078,0.09196838736534119
0.8514999999999999,0.03983181342482567,0.0006103515625,0.19020578265190125,0.09129336476325989
0.8520000000000001,0.03983200713992119,0.0006103515625,0.18728584051132202,0.09245788305997849
0.8525,0.03983220085501671,0.0006103515625,0.18436771631240845,0.09228229522705078
0.853,0.03983224183320999,0.00030517578125,0.18178386986255646,0.09344714879989624
0.8534999999999999,0.03983218967914581,0.0006103515625,0.17899836599826813,0.09240210056304932
0.8540000000000001,0.03983236104249954,0.00030517578125,0.1763962060213089,0.0922975167632103
0.8545,0.03983251750469208,0.0,0.17402894794940948,0.09234420210123062
0.855,0.0398322194814682,0.00030517578125,0.17120683193206787,0.09136290103197098
0.8554999999999999,0.03983253985643387,0.0006103515625,0.16887794435024261,0.09136742353439331
0.8560000000000001,0.0398324579000473,0.00091552734375,0.16652627289295197,0.09161544591188431
0.8565,0.03983284533023834,0.00030517578125,0.1638452261686325,0.09080659598112106
0.857,0.039832815527915955,0.00030517578125,0.16200177371501923,0.09171853214502335
0.8574999999999999,0.03983272239565849,0.0006103515625,0.15983164310455322,0.0911560133099556
0.8580000000000001,0.03983277082443237,0.0006103515625,0.15731500089168549,0.09118491411209106
0.8585,0.039832714945077896,0.0,0.15532055497169495,0.09098958969116211
0.859,0.039832957088947296,0.00030517578125,0.15334759652614594,0.09066491574048996
0.8594999999999999,0.03983290120959282,0.0006103515625,0.15171390771865845,0.09001880884170532
0.8600000000000001,0.03983299061655998,0.0006103515625,0.14989043772220612,0.09095893055200577
0.8605,0.03983289375901222,0.0,0.14720527827739716,0.09045829623937607
0.861,0.03983321413397789,0.00030517578125,0.1454891413450241,0.09113754332065582
0.8614999999999999,0.039832938462495804,0.00030517578125,0.1441594660282135,0.09071426838636398
0.8620000000000001,0.039833150804042816,0.00030517578125,0.14196635782718658,0.09065455198287964
0.8625,0.039833344519138336,0.0006103515625,0.14043012261390686,0.09059355407953262
0.863,0.039833202958106995,0.0006103515625,0.13880184292793274,0.08944614976644516
0.8634999999999999,0.03983364254236221,0.00030517578125,0.13723304867744446,0.08988446742296219
0.8640000000000001,0.03983307257294655,0.00091552734375,0.13578028976917267,0.09005201607942581
0.8645,0.03983326256275177,0.00091552734375,0.13448764383792877,0.08995580673217773
0.865,0.03983313962817192,0.0006103515625,0.13241058588027954,0.09019234031438828
0.8654999999999999,0.03983357921242714,0.00091552734375,0.13111846148967743,0.09062895178794861
0.8660000000000001,0.03983326628804207,0.0006103515625,0.12983915209770203,0.08986524492502213
0.8665,0.03983308747410774,0.0006103515625,0.1285882294178009,0.08924823999404907
0.867,0.0398334302008152,0.00030517578125,0.12754954397678375,0.08910957723855972
0.8674999999999999,0.03983338549733162,0.0006103515625,0.1259603500366211,0.08948022872209549
0.8680000000000001,0.03983321785926819,0.0,0.12452995777130127,0.08982374519109726
0.8685,0.039833296090364456,0.00030517578125,0.12343379110097885,0.08944457769393921
0.869,0.03983360901474953,-0.00030517578125,0.12305918335914612,0.08950028568506241
0.8694999999999999,0.03983338549733162,0.00030517578125,0.12115103006362915,0.08936044573783875
0.8700000000000001,0.03983350098133087,0.0006103515625,0.12025977671146393,0.08953674137592316
0.8705,0.03983355313539505,0.00030517578125,0.11914342641830444,0.08869682997465134
0.871,0.039833515882492065,-0.00030517578125,0.11800796538591385,0.08981237560510635
0.8714999999999999,0.03983362019062042,0.00030517578125,0.11698570847511292,0.08857671171426773
0.8720000000000001,0.039833806455135345,0.0,0.11567248404026031,0.08975043892860413
0.8725,0.039833661168813705,0.00030517578125,0.11502020806074142,0.08930409699678421
0.873,0.039833392947912216,0.00091552734375,0.11428220570087433,0.08913762867450714
0.8734999999999999,0.039833664894104004,0.0,0.11301445960998535,0.08953667432069778
0.8740000000000001,0.03983346372842789,0.0006103515625,0.11224469542503357,0.0887150838971138
0.8745,0.03983348235487938,0.0,0.11131589859724045,0.08889466524124146
0.875,0.03983362764120102,0.0006103515625,0.11028990894556046,0.08840843290090561
0.8755,0.03983348235487938,0.0006103515625,0.10937046259641647,0.08899488300085068
0.8759999999999999,0.03983379900455475,0.00091552734375,0.10861138999462128,0.09023861587047577
0.8765000000000001,0.03983364254236221,0.00030517578125,0.10807005316019058,0.08927512168884277
0.877,0.0398339182138443,0.00030517578125,0.10698629915714264,0.0893976166844368
0.8775,0.03983370587229729,0.00030517578125,0.10637982934713364,0.08909760415554047
0.8779999999999999,0.039833925664424896,0.00030517578125,0.10525383055210114,0.08900989592075348
0.8785000000000001,0.039833489805459976,0.0006103515625,0.10450106114149094,0.08839399367570877
0.879,0.039833664894104004,0.00030517578125,0.10415715724229813,0.08911605179309845
0.8795,0.03983371704816818,0.0006103515625,0.10261466354131699,0.08797033876180649
0.8799999999999999,0.03983372822403908,0.00030517578125,0.10187407582998276,0.08920637518167496
0.8805000000000001,0.03983364626765251,0.0,0.10168210417032242,0.08927620947360992
0.881,0.039833810180425644,0.00091552734375,0.10118554532527924,0.08978443592786789
0.8815,0.03983399644494057,0.00030517578125,0.09993208199739456,0.08948633074760437
0.8819999999999999,0.039833664894104004,0.0006103515625,0.09969630092382431,0.08831414580345154
0.8825000000000001,0.03983420133590698,0.00091552734375,0.09864676743745804,0.08945944160223007
0.883,0.039833661168813705,0.00030517578125,0.09795437008142471,0.08827017992734909
0.8835,0.03983388468623161,0.00091552734375,0.09764797240495682,0.08809123188257217
0.8839999999999999,0.03983404114842415,0.0006103515625,0.09650889784097672,0.08874359726905823
0.8845000000000001,0.03983380272984505,0.00030517578125,0.09593367576599121,0.08843066543340683
0.885,0.039833758026361465,0.00030517578125,0.09503349661827087,0.0885692834854126
0.8855,0.03983381763100624,0.0,0.09471764415502548,0.08912653475999832
0.8859999999999999,0.03983387351036072,0.00030517578125,0.09388614445924759,0.08879789710044861
0.8865000000000001,0.03983359411358833,0.00030517578125,0.09316675364971161,0.08844535052776337
0.887,0.03983399271965027,0.0006103515625,0.09294528514146805,0.08833571523427963
0.8875,0.03983389958739281,0.0006103515625,0.09185852855443954,0.08812869340181351
0.8879999999999999,0.03983395919203758,0.00030517578125,0.09124033898115158,0.08934362977743149
0.8885000000000001,0.039833664894104004,0.00091552734375,0.09032284468412399,0.08835411816835403
0.889,0.039833854883909225,0.00091552734375,0.09025070071220398,0.08933499455451965
0.8895,0.039833974093198776,0.00030517578125,0.08927368372678757,0.08886025846004486
0.8899999999999999,0.039833806455135345,0.0,0.08880666643381119,0.08824757486581802
0.8905000000000001,0.03983413428068161,0.0006103515625,0.08811847120523453,0.08878402411937714
0.891,0.039833635091781616,0.0,0.08753225207328796,0.08765774965286255
0.8915,0.03983385115861893,0.001220703125,0.08682411164045334,0.08811706304550171
0.8919999999999999,0.03983385115861893,0.0006103515625,0.08637663722038269,0.08831615746021271
0.8925000000000001,0.03983395919203758,0.0006103515625,0.08590663969516754,0.0888344943523407
0.893,0.039833635091781616,0.0,0.08533930778503418,0.08801545202732086
0.8935,0.039833731949329376,0.0,0.08455344289541245,0.08861541002988815
0.8939999999999999,0.039833810180425644,0.00091552734375,0.08420459926128387,0.08749395608901978
0.8945000000000001,0.03983360156416893,0.0006103515625,0.08358913660049438,0.08758914470672607
0.895,0.03983379900455475,0.0006103515625,0.08285190165042877,0.08818305283784866
0.8955,0.03983393684029579,0.0006103515625,0.08257720619440079,0.08827263116836548
0.8959999999999999,0.03983418270945549,0.0006103515625,0.0816010981798172,0.08892279863357544
0.8965000000000001,0.039833784103393555,0.00030517578125,0.08137135207653046,0.08720014989376068
0.897,0.03983380272984505,0.0006103515625,0.08101803809404373,0.08826229721307755
0.8975,0.039833877235651016,0.0006103515625,0.0805170014500618,0.087590791285038
0.8979999999999999,0.03983401134610176,0.00091552734375,0.0800091102719307,0.08797694742679596
0.8985000000000001,0.039833907037973404,0.00030517578125,0.07895481586456299,0.08760739117860794
0.899,0.039833858609199524,0.0006103515625,0.07898187637329102,0.0880638137459755
0.8995,0.039833929389715195,0.0006103515625,0.07830628752708435,0.08736076205968857
0.8999999999999999,0.039833590388298035,0.0006103515625,0.07806903123855591,0.08721885830163956
0.9005000000000001,0.039834123104810715,0.0,0.07741252332925797,0.08863861113786697
0.901,0.03983387351036072,0.0006103515625,0.07717688381671906,0.08718850463628769
0.9015,0.03983405604958534,0.0,0.07693400233983994,0.08776834607124329
0.9019999999999999,0.03983370587229729,0.00030517578125,0.07596711814403534,0.08696365356445312
0.9025000000000001,0.03983413428068161,0.0006103515625,0.07618995010852814,0.08848060667514801
0.903,0.03983381390571594,0.0006103515625,0.07568524032831192,0.08789341896772385
0.9035,0.03983382508158684,0.00030517578125,0.07492076605558395,0.08765528351068497
0.9039999999999999,0.03983401507139206,0.0006103515625,0.07491868734359741,0.08764521032571793
0.9045000000000001,0.03983360156416893,0.0006103515625,0.0744856670498848,0.0877123773097992
0.905,0.039833709597587585,0.00091552734375,0.07401880621910095,0.08754400908946991
0.9055,0.03983354568481445,0.0006103515625,0.07377400994300842,0.08720081299543381
0.9059999999999999,0.039833854883909225,0.00030517578125,0.07345221191644669,0.08696984499692917
0.9065000000000001,0.03983387351036072,0.0006103515625,0.07296233624219894,0.0877048671245575
0.907,0.0398339182138443,-0.00030517578125,0.0725853443145752,0.08777964115142822
0.9075,0.03983376547694206,0.0006103515625,0.07298292964696884,0.08691157400608063
0.9079999999999999,0.03983389958739281,0.00091552734375,0.0722588524222374,0.08778022229671478
0.9085000000000001,0.039833612740039825,0.00030517578125,0.07173193991184235,0.08785634487867355
0.909,0.03983362019062042,0.0,0.07213078439235687,0.0875231921672821
0.9095,0.03983372077345848,0.00030517578125,0.07164841890335083,0.08767105638980865
0.9099999999999999,0.039833538234233856,0.0,0.07114554196596146,0.08733146637678146
0.9105000000000001,0.03983383625745773,0.0006103515625,0.07113782316446304,0.08701524883508682
0.911,0.03983378782868385,0.00091552734375,0.07072748988866806,0.08715584874153137
0.9115,0.03983364999294281,0.00030517578125,0.07014937698841095,0.08780248463153839
0.9119999999999999,0.039833664894104004,0.0006103515625,0.0701475441455841,0.08676624298095703
0.9125000000000001,0.03983355313539505,0.00030517578125,0.07017377018928528,0.08776718378067017
0.913,0.03983352333307266,0.0006103515625,0.06919222325086594,0.08683328330516815
0.9135,0.03983354568481445,0.0006103515625,0.06947601586580276,0.08706504106521606
0.9139999999999999,0.039833687245845795,0.00091552734375,0.06935736536979675,0.08591208606958389
0.9145000000000001,0.03983364254236221,0.00091552734375,0.06860408931970596,0.08654333651065826
0.915,0.039833709597587585,0.0,0.06876620650291443,0.08763621002435684
0.9155,0.03983348608016968,0.0006103515625,0.06814244389533997,0.08701673895120621
0.9159999999999999,0.03983394429087639,0.00030517578125,0.068201944231987,0.08755146712064743
0.9165000000000001,0.0398336686193943,0.00030517578125,0.06806166470050812,0.08721444010734558
0.917,0.03983373939990997,0.0006103515625,0.067830890417099,0.0872557982802391
0.9175,0.039833914488554,0.00030517578125,0.06761536002159119,0.08706202358007431
0.9179999999999999,0.03983374685049057,0.00030517578125,0.0669218897819519,0.08678711205720901
0.9185000000000001,0.03983395919203758,0.0,0.06679226458072662,0.08609475940465927
0.919,0.03983377292752266,0.0,0.06647149473428726,0.0877472534775734
0.9195,0.03983404114842415,0.00030517578125,0.06646983325481415,0.08764321357011795
0.9199999999999999,0.03983371704816818,0.0006103515625,0.06598957628011703,0.08711449056863785
0.9205000000000001,0.039833806455135345,0.001220703125,0.06603283435106277,0.08821027725934982
0.921,0.039833907037973404,0.0006103515625,0.06555487960577011,0.08669300377368927
0.9215,0.03983374685049057,0.00091552734375,0.06529710441827774,0.08720682561397552
0.9219999999999999,0.03983355313539505,0.00030517578125,0.06551628559827805,0.08614850789308548
0.9225000000000001,0.03983382508158684,0.0006103515625,0.06446854025125504,0.08728393912315369
0.923,0.039833780378103256,0.0006103515625,0.06475207209587097,0.08719541132450104
0.9235,0.039833661168813705,0.00091552734375,0.0642051100730896,0.08767838776111603
0.9239999999999999,0.03983389958739281,0.00091552734375,0.06353079527616501,0.08803011476993561
0.9245000000000001,0.03983383998274803,0.0006103515625,0.06355943530797958,0.08760054409503937
0.925,0.039833806455135345,0.0006103515625,0.0631202980875969,0.0873098373413086
0.9255,0.03983346000313759,0.00030517578125,0.062858946621418,0.08675483614206314
0.9259999999999999,0.039833709597587585,0.00030517578125,0.06324119865894318,0.08613104373216629
0.9265000000000001,0.03983371704816818,0.00030517578125,0.06249041110277176,0.08687382191419601
0.927,0.03983381763100624,0.0006103515625,0.06213802471756935,0.08745143562555313
0.9275,0.03983382135629654,0.00091552734375,0.06246350333094597,0.08722639828920364
0.9279999999999999,0.03983381390571594,0.00030517578125,0.06187259405851364,0.08743014186620712
0.9285000000000001,0.03983372077345848,0.0,0.06142405420541763,0.08709901571273804
0.929,0.0398339182138443,0.00030517578125,0.06165638193488121,0.08743546903133392
0.9295,0.03983362764120102,0.00030517578125,0.061662085354328156,0.08774595707654953
0.9299999999999999,0.03983379527926445,0.001220703125,0.06126092001795769,0.08648073673248291
0.9305000000000001,0.03983381390571594,0.00030517578125,0.060590699315071106,0.0865616500377655
0.931,0.03983372822403908,0.00091552734375,0.060933034867048264,0.08714059740304947
0.9315,0.03983372077345848,0.00030517578125,0.06044197082519531,0.08733858168125153
0.9319999999999999,0.03983359411358833,0.0006103515625,0.0602443665266037,0.08686920255422592
0.9325000000000001,0.03983385115861893,0.00030517578125,0.06003928184509277,0.08756199479103088
0.933,0.0398336760699749,0.0006103515625,0.05980443209409714,0.08664728701114655
0.9335,0.03983357176184654,0.0006103515625,0.05966746062040329,0.08759725093841553
0.9339999999999999,0.03983377292752266,0.0006103515625,0.059279102832078934,0.08695665746927261
0.9345000000000001,0.03983385115861893,0.0006103515625,0.059217315167188644,0.08669372648000717
0.935,0.03983372822403908,0.0006103515625,0.05907728895545006,0.08765590935945511
0.9355,0.039833422750234604,0.0006103515625,0.05863622575998306,0.08722037822008133
0.9359999999999999,0.03983376920223236,0.0,0.05834005028009415,0.08722712099552155
0.9365000000000001,0.03983370587229729,0.00030517578125,0.05828351527452469,0.08708583563566208
0.937,0.03983383998274803,0.00091552734375,0.058232687413692474,0.08757903426885605
0.9375,0.039833758026361465,0.00030517578125,0.05810320004820824,0.0874343141913414
0.938,0.03983380272984505,0.00030517578125,0.05821927264332771,0.08664709329605103
0.9384999999999999,0.03983362391591072,0.00030517578125,0.057961832731962204,0.08638635277748108
0.9390000000000001,0.039833344519138336,0.00030517578125,0.057474035769701004,0.0869586318731308
0.9395,0.039833661168813705,0.00030517578125,0.05774431303143501,0.08707103878259659
0.94,0.03983375430107117,0.0006103515625,0.057570021599531174,0.08668600767850876
0.9404999999999999,0.03983364254236221,0.0006103515625,0.0574096255004406,0.08755891025066376
0.9410000000000001,0.0398336797952652,0.00030517578125,0.057407792657613754,0.08672596514225006
0.9415,0.03983364254236221,0.0006103515625,0.057612430304288864,0.08726215362548828
0.942,0.03983350843191147,0.0006103515625,0.05721275508403778,0.0863226130604744
0.9424999999999999,0.03983376547694206,0.00091552734375,0.05693327635526657,0.08777707070112228
0.9430000000000001,0.03983389213681221,0.0006103515625,0.05696961283683777,0.08764837682247162
0.9435,0.03983354568481445,0.0006103515625,0.05704599991440773,0.08737322688102722
0.944,0.03983360156416893,0.00030517578125,0.05684291571378708,0.08677098155021667
0.9444999999999999,0.039833299815654755,0.00030517578125,0.056915417313575745,0.0869937613606453
0.9450000000000001,0.0398336686193943,0.0,0.056535471230745316,0.08635641634464264
0.9455,0.03983341157436371,0.00091552734375,0.05725553631782532,0.0870949849486351
0.946,0.03983364999294281,0.00030517578125,0.05657495930790901,0.08732897788286209
0.9464999999999999,0.03983352333307266,0.00091552734375,0.05672919377684593,0.08734645694494247
0.9470000000000001,0.039833467453718185,0.0,0.05665377900004387,0.0869843065738678
0.9475,0.03983358293771744,0.00030517578125,0.05663566291332245,0.08672887086868286
0.948,0.03983346000313759,0.0006103515625,0.05669401213526726,0.08711838722229004
0.9484999999999999,0.039833664894104004,0.0006103515625,0.056544117629528046,0.08586978912353516
0.9490000000000001,0.03983353078365326,0.00030517578125,0.05629298463463783,0.08606291562318802
0.9495,0.03983365371823311,0.00030517578125,0.05659467726945877,0.08737576752901077
0.95,0.0398334264755249,0.0006103515625,0.05633629485964775,0.08671809732913971
0.9504999999999999,0.039833493530750275,0.0006103515625,0.05633107200264931,0.08693306893110275
0.9510000000000001,0.039833687245845795,0.0,0.05665804445743561,0.08717572689056396
0.9515,0.03983362764120102,0.00030517578125,0.056206732988357544,0.0870669037103653
0.952,0.03983352705836296,0.00030517578125,0.056089479476213455,0.08652190119028091
0.9524999999999999,0.039833687245845795,0.00091552734375,0.05636292323470116,0.08640440553426743
0.9530000000000001,0.03983369842171669,0.00091552734375,0.0563751757144928,0.08589965850114822
0.9535,0.0398334376513958,0.00030517578125,0.05614751577377319,0.08693765848875046
0.954,0.03983377292752266,0.00030517578125,0.05609821155667305,0.08667612820863724
0.9544999999999999,0.03983370214700699,0.00030517578125,0.05631377547979355,0.08709696680307388
0.9550000000000001,0.03983372449874878,0.0,0.05607195198535919,0.08712076395750046
0.9555,0.03983369469642639,0.0006103515625,0.0558294914662838,0.0863412395119667
0.956,0.03983393311500549,0.0006103515625,0.05602790787816048,0.08749851584434509
0.9564999999999999,0.03983370587229729,0.001220703125,0.055950380861759186,0.08605632185935974
0.9570000000000001,0.03983364999294281,0.0,0.0559086874127388,0.08689980953931808
0.9575,0.03983382508158684,0.0006103515625,0.05541006848216057,0.08695989102125168
0.958,0.039833858609199524,0.0006103515625,0.05587261542677879,0.0875648483633995
0.9584999999999999,0.03983330726623535,0.0006103515625,0.05557985603809357,0.0874260738492012
0.9590000000000001,0.03983347490429878,0.0,0.055576372891664505,0.08720211684703827
0.9595,0.03983389213681221,0.0006103515625,0.055560797452926636,0.08671378344297409
0.96,0.039833538234233856,0.0,0.05473184213042259,0.08599644154310226
0.9604999999999999,0.03983350470662117,0.0,0.05565375089645386,0.08652438968420029
0.9610000000000001,0.03983352333307266,0.0006103515625,0.05522821843624115,0.08657810091972351
0.9615,0.03983377292752266,0.00030517578125,0.055151913315057755,0.08734586089849472
0.962,0.03983364254236221,0.00030517578125,0.05514589697122574,0.0868275836110115
0.9624999999999999,0.03983360156416893,0.00091552734375,0.05475130304694176,0.0876052975654602
0.9630000000000001,0.039833907037973404,0.0006103515625,0.054919831454753876,0.08701969683170319
0.9635,0.03983352705836296,0.00030517578125,0.054698407649993896,0.08708232641220093
0.964,0.03983372822403908,0.0,0.054956305772066116,0.08748584240674973
0.9644999999999999,0.03983369097113609,0.00030517578125,0.05516840144991875,0.08662091195583344
0.9650000000000001,0.03983388468623161,0.0006103515625,0.05444569140672684,0.0869063213467598
0.9655,0.039833541959524155,0.00030517578125,0.05476760119199753,0.08701704442501068
0.966,0.03983384743332863,0.00030517578125,0.05468231439590454,0.08759807795286179
0.9664999999999999,0.03983375057578087,0.0006103515625,0.05407441034913063,0.08739708364009857
0.9670000000000001,0.039833586663007736,0.0006103515625,0.05444648489356041,0.08690725266933441
0.9675,0.03983398154377937,0.00030517578125,0.05433326214551926,0.0864064171910286
0.968,0.03983351215720177,0.0006103515625,0.05447624996304512,0.08754917234182358
0.9684999999999999,0.03983364254236221,0.0006103515625,0.05410396307706833,0.08745643496513367
0.9690000000000001,0.039833564311265945,0.00030517578125,0.05407252907752991,0.0861915871500969
0.9695,0.03983381763100624,0.00030517578125,0.0542806051671505,0.08670804649591446
0.97,0.03983360156416893,0.00030517578125,0.05388824641704559,0.08603423088788986
0.9704999999999999,0.03983358293771744,0.0006103515625,0.05392675846815109,0.08664396405220032
0.9710000000000001,0.03983353450894356,0.0006103515625,0.053845930844545364,0.08665597438812256
0.9715,0.039833780378103256,0.0006103515625,0.05389094725251198,0.08721747994422913
0.972,0.03983377292752266,0.0006103515625,0.05329118296504021,0.08750355988740921
0.9724999999999999,0.0398336723446846,0.0006103515625,0.05392574146389961,0.08625897020101547
0.9730000000000001,0.03983377665281296,0.0006103515625,0.05354459211230278,0.08708299696445465
0.9735,0.03983379155397415,0.0,0.05358484014868736,0.08732564747333527
0.974,0.039833687245845795,0.00030517578125,0.05379081517457962,0.08714967221021652
0.9744999999999999,0.039833810180425644,0.0006103515625,0.05348457023501396,0.08671481162309647
0.9750000000000001,0.03983364999294281,0.0006103515625,0.05337013304233551,0.08679553121328354
0.9755,0.03983360528945923,0.00030517578125,0.05331853777170181,0.08618351072072983
0.976,0.03983385115861893,0.0006103515625,0.05299178510904312,0.08726508915424347
0.9764999999999999,0.03983365371823311,0.00030517578125,0.05307667702436447,0.08680392801761627
0.9770000000000001,0.03983364254236221,0.00030517578125,0.053526461124420166,0.08619319647550583
0.9775,0.0398334302008152,0.0006103515625,0.05314923822879791,0.08695337176322937
0.978,0.0398336723446846,0.0006103515625,0.05363001674413681,0.08683979511260986
0.9784999999999999,0.0398336686193943,0.00030517578125,0.052903641015291214,0.08695949614048004
0.9790000000000001,0.03983340784907341,0.00030517578125,0.052903912961483,0.08636460453271866
0.9795,0.03983395919203758,0.00030517578125,0.05314153432846069,0.08589774370193481
0.98,0.03983352333307266,0.00030517578125,0.053185369819402695,0.08620479702949524
0.9804999999999999,0.039833784103393555,0.0,0.053512055426836014,0.08712761104106903
0.9810000000000001,0.03983383998274803,0.0006103515625,0.05295965075492859,0.08630936592817307
0.9815,0.039833687245845795,-0.00030517578125,0.05309288203716278,0.08674046397209167
0.982,0.039833590388298035,0.00030517578125,0.05295325070619583,0.08616553992033005
0.9824999999999999,0.03983369842171669,0.0,0.053287386894226074,0.08664179593324661
0.9830000000000001,0.039833780378103256,0.0,0.05324088782072067,0.08582586795091629
0.9835,0.03983362019062042,0.00030517578125,0.05348513275384903,0.08522829413414001
0.984,0.03983376920223236,0.00030517578125,0.052936386317014694,0.08642854541540146
0.9844999999999999,0.03983372449874878,0.0006103515625,0.053137168288230896,0.08594059944152832
0.9850000000000001,0.039833709597587585,0.001220703125,0.05358346924185753,0.08649197965860367
0.9855,0.03983352705836296,0.00030517578125,0.05308790132403374,0.08615698665380478
0.986,0.03983350470662117,0.00091552734375,0.05337643250823021,0.08609240502119064
0.9864999999999999,0.03983364626765251,0.0006103515625,0.053444597870111465,0.08703112602233887
0.9870000000000001,0.039833441376686096,0.0006103515625,0.0534270741045475,0.08616630733013153
0.9875,0.03983375057578087,-0.00030517578125,0.05348386988043785,0.08638140559196472
0.988,0.03983347862958908,0.0006103515625,0.05342007055878639,0.08594732731580734
0.9884999999999999,0.03983345627784729,0.00030517578125,0.05334842950105667,0.08629731088876724
0.9890000000000001,0.03983335196971893,0.00091552734375,0.053400669246912,0.0857064500451088
0.9895,0.039833731949329376,0.0006103515625,0.05334422364830971,0.08706194907426834
0.99,0.0398336797952652,0.0,0.05363311618566513,0.08632542192935944
0.9904999999999999,0.03983341529965401,0.0,0.053433340042829514,0.08602070808410645
0.9910000000000001,0.03983359411358833,0.00030517578125,0.05338183790445328,0.0866575539112091
0.9915,0.03983369097113609,0.00091552734375,0.05355605483055115,0.08599188923835754
0.992,0.0398336760699749,0.001220703125,0.053322553634643555,0.0855148434638977
0.9924999999999999,0.03983340784907341,0.0,0.053308840841054916,0.08586280047893524
0.9930000000000001,0.03983354568481445,0.00030517578125,0.053272176533937454,0.08659998327493668
0.9935,0.03983340784907341,0.0006103515625,0.053485020995140076,0.08652611821889877
0.994,0.03983353450894356,0.00091552734375,0.05306091159582138,0.08691579103469849
0.9944999999999999,0.03983370214700699,0.00091552734375,0.05336545780301094,0.08682934939861298
0.9950000000000001,0.039833616465330124,0.0006103515625,0.053189218044281006,0.08719025552272797
0.9955,0.03983386978507042,0.00030517578125,0.05282410979270935,0.08649029582738876
0.996,0.039833538234233856,-0.00030517578125,0.0530744232237339,0.08599928021430969
0.9964999999999999,0.039833661168813705,0.0006103515625,0.05299371853470802,0.08625247329473495
0.9970000000000001,0.0398336797952652,0.00030517578125,0.05289730429649353,0.08584020286798477
0.9975,0.039833735674619675,0.0006103515625,0.05293836444616318,0.08668641746044159
0.998,0.039833422750234604,0.0006103515625,0.052764955908060074,0.0863867998123169
0.9984999999999999,0.03983365744352341,0.0006103515625,0.052642252296209335,0.08742125332355499
0.9990000000000001,0.03983369842171669,0.0006103515625,0.052411239594221115,0.0868041142821312
0.9995,0.03983351215720177,0.0006103515625,0.052679289132356644,0.08597460389137268
1.0,0.03983377292752266,0.0006103515625,0.05228051543235779,0.08593949675559998
1.0005,0.039833568036556244,0.0,0.05208347365260124,0.08648547530174255
1.001,0.039833758026361465,0.00030517578125,0.05199132114648819,0.08570069819688797
1.0015,0.03983377292752266,0.0006103515625,0.05252701789140701,0.08722393214702606
1.002,0.03983358293771744,0.0,0.052718739956617355,0.08633671700954437
1.0025,0.03983381763100624,0.0006103515625,0.05184101685881615,0.08646991103887558
1.003,0.039833635091781616,0.0,0.052206605672836304,0.08685406297445297
1.0035,0.039833590388298035,0.00030517578125,0.05229394510388374,0.0863213911652565
1.004,0.03983359783887863,0.0006103515625,0.05178172513842583,0.08574765175580978
1.0045,0.039833731949329376,0.0,0.05222800001502037,0.0851823017001152
1.005,0.039833925664424896,0.0006103515625,0.0521189384162426,0.08714915812015533
1.0055,0.03983362391591072,0.00030517578125,0.05223272368311882,0.0866248607635498
1.006,0.03983375430107117,0.00091552734375,0.05205364152789116,0.08710133284330368
1.0065,0.03983379155397415,0.00091552734375,0.05195747688412666,0.08747851103544235
1.007,0.03983346000313759,0.00030517578125,0.05196380615234375,0.08571494370698929
1.0075,0.039833683520555496,0.0006103515625,0.051481690257787704,0.08572033047676086
1.008,0.03983379155397415,0.0006103515625,0.052212659269571304,0.08560564368963242
1.0085,0.0398334339261055,0.0006103515625,0.05160660669207573,0.08689996600151062
1.009,0.03983370587229729,0.0,0.051893237978219986,0.08626425266265869
1.0095,0.03983360528945923,0.0,0.051967158913612366,0.08657898008823395
1.01,0.039833858609199524,0.00030517578125,0.051511913537979126,0.08536581695079803
1.0105,0.03983384370803833,0.00091552734375,0.05173112824559212,0.08574721962213516
1.011,0.03983357548713684,0.00030517578125,0.0516958087682724,0.08634895086288452
1.0115,0.039833493530750275,0.00030517578125,0.051778100430965424,0.08638704568147659
1.012,0.03983355313539505,0.0006103515625,0.05171545594930649,0.08671761304140091
1.0125,0.03983351215720177,0.00030517578125,0.05166048929095268,0.08677783608436584
1.013,0.039833564311265945,0.0,0.05187731236219406,0.08749870955944061
1.0135,0.03983341529965401,0.0006103515625,0.05222726985812187,0.08728509396314621
1.014,0.0398336723446846,0.00030517578125,0.05168716236948967,0.08606791496276855
1.0145,0.039833493530750275,0.0006103515625,0.051443230360746384,0.08599977940320969
1.015,0.03983357548713684,0.0006103515625,0.051952261477708817,0.08661727607250214
1.0155,0.039833638817071915,0.0006103515625,0.05193464830517769,0.08630429208278656
1.016,0.03983357921242714,-0.0006103515625,0.051758136600255966,0.08647206425666809
1.0165,0.039833810180425644,0.00030517578125,0.05170746147632599,0.08685623854398727
1.017,0.03983340412378311,0.00030517578125,0.05219365283846855,0.08625386655330658
1.0175,0.039833441376686096,0.0,0.051702022552490234,0.08658375591039658
1.018,0.039833612740039825,0.0006103515625,0.05215011164546013,0.08540717512369156
1.0185,0.03983383625745773,0.00091552734375,0.0516781210899353,0.08649053424596786
1.019,0.03983358293771744,0.0006103515625,0.05211262032389641,0.0861523449420929
1.0195,0.039833422750234604,0.00030517578125,0.05239814519882202,0.08639292418956757
1.02,0.039833687245845795,0.0006103515625,0.052028510719537735,0.08588345348834991
1.0205,0.0398336686193943,0.0006103515625,0.05239405483007431,0.08712175488471985
1.021,0.03983369842171669,0.0006103515625,0.05225274711847305,0.0864717960357666
1.0215,0.039833247661590576,0.00030517578125,0.052460022270679474,0.08693782985210419
1.022,0.03983331844210625,0.00030517578125,0.052358027547597885,0.08714380860328674
1.0225,0.039833202958106995,0.001220703125,0.05202477052807808,0.08644618839025497
1.023,0.03983344882726669,0.00030517578125,0.05252620950341225,0.08730973303318024
1.0235,0.039833590388298035,0.0006103515625,0.052440181374549866,0.08635514974594116
1.024,0.03983348235487938,0.00030517578125,0.05263171344995499,0.08623282611370087
1.0245,0.03983374685049057,0.0006103515625,0.052289798855781555,0.08641158789396286
1.025,0.039833564311265945,0.00030517578125,0.0526440404355526,0.08661860972642899
1.0255,0.039833564311265945,0.0006103515625,0.0522860512137413,0.08811090886592865
1.026,0.03983360901474953,0.00030517578125,0.05235684663057327,0.08712144196033478
1.0265,0.03983369469642639,0.00091552734375,0.052440378814935684,0.08721096068620682
1.027,0.03983373939990997,0.00030517578125,0.052492547780275345,0.08698417246341705
1.0275,0.03983357176184654,0.0006103515625,0.052421342581510544,0.08645744621753693
1.028,0.03983360156416893,0.0,0.05225932598114014,0.08608276396989822
1.0285,0.039833832532167435,0.00030517578125,0.0525592565536499,0.08754599839448929
1.029,0.03983363136649132,0.0006103515625,0.05201822891831398,0.08627729117870331
1.0295,0.03983362764120102,0.0006103515625,0.05249686911702156,0.08783939480781555
1.03,0.03983357921242714,0.00030517578125,0.05220968648791313,0.0868467465043068
1.0305,0.039833568036556244,0.00091552734375,0.052171871066093445,0.08543503284454346
1.031,0.039833519607782364,0.0006103515625,0.052155230194330215,0.08683127164840698
1.0315,0.039833780378103256,0.00030517578125,0.05207764357328415,0.08571308106184006
1.032,0.039833612740039825,0.00030517578125,0.05215321481227875,0.087117500603199
1.0325,0.039833638817071915,0.0006103515625,0.052612848579883575,0.08600810915231705
1.033,0.03983382135629654,0.00030517578125,0.05232673138380051,0.0874108150601387
1.0335,0.03983377292752266,0.00091552734375,0.05168547481298447,0.0876980870962143
1.034,0.03983358293771744,0.0006103515625,0.05240597203373909,0.08665946871042252
1.0345,0.03983369097113609,0.00030517578125,0.05230752006173134,0.08673108369112015
1.035,0.039833761751651764,0.0006103515625,0.05204255133867264,0.08679639548063278
1.0355,0.03983364626765251,0.00030517578125,0.05197673663496971,0.08709206432104111
1.036,0.039833471179008484,0.00030517578125,0.051924362778663635,0.08674716204404831
1.0365,0.03983356058597565,0.00030517578125,0.05207638069987297,0.08699759840965271
1.037,0.039833709597587585,0.001220703125,0.05141514167189598,0.08671979606151581
1.0375,0.039833564311265945,0.00030517578125,0.051748234778642654,0.08748864382505417
1.038,0.039833616465330124,0.0,0.051713231950998306,0.08607377856969833
1.0385,0.03983371704816818,0.00030517578125,0.0517193041741848,0.08691521733999252
1.039,0.039833687245845795,0.00030517578125,0.051272325217723846,0.08633589744567871
1.0395,0.03983382135629654,0.00091552734375,0.051486194133758545,0.08697515726089478
1.04,0.039833832532167435,0.00030517578125,0.051366399973630905,0.08714921772480011
1.0405,0.039833467453718185,0.00030517578125,0.05170580372214317,0.08693743497133255
1.041,0.03983372822403908,0.0006103515625,0.05111062526702881,0.08607282489538193
1.0415,0.03983379900455475,0.00091552734375,0.051668375730514526,0.08701619505882263
1.042,0.03983363136649132,0.00030517578125,0.05145418271422386,0.08709350973367691
1.0425,0.03983347490429878,0.00030517578125,0.051118846982717514,0.08620816469192505
1.043,0.03983364626765251,0.001220703125,0.051158297806978226,0.08673809468746185
1.0435,0.03983344882726669,0.0006103515625,0.051288902759552,0.08708955347537994
1.044,0.03983364626765251,0.00030517578125,0.05101282149553299,0.0871337279677391
1.0445,0.039833616465330124,0.0006103515625,0.05109596997499466,0.08650901913642883
1.045,0.03983370587229729,0.0,0.05134850740432739,0.08586673438549042
1.0455,0.039833683520555496,0.00030517578125,0.05114063620567322,0.08677094429731369
1.046,0.03983345255255699,0.00091552734375,0.05091438814997673,0.0856928676366806
1.0465,0.03983352705836296,0.00030517578125,0.051126543432474136,0.08681801706552505
1.047,0.03983379900455475,0.00091552734375,0.05108058452606201,0.08595093339681625
1.0475,0.03983364626765251,0.0006103515625,0.05102229118347168,0.08677367866039276
1.048,0.03983362764120102,0.00030517578125,0.050971630960702896,0.0867268443107605
1.0485,0.03983338922262192,0.00030517578125,0.05119992792606354,0.086485855281353
1.049,0.0398336797952652,0.0,0.051023293286561966,0.08622421324253082
1.0495,0.03983353078365326,0.00152587890625,0.05125221610069275,0.08686349540948868
1.05,0.03983369842171669,0.0006103515625,0.05133414641022682,0.08646219968795776
1.0505,0.039833519607782364,0.0006103515625,0.05083388462662697,0.08577489107847214
1.051,0.039833564311265945,0.0,0.051344580948352814,0.08683744817972183
1.0515,0.03983375430107117,0.0,0.05112634599208832,0.08670374751091003
1.052,0.039833471179008484,-0.00030517578125,0.05133746191859245,0.08682314306497574
1.0525,0.03983338549733162,0.0006103515625,0.051234181970357895,0.08589330315589905
1.053,0.03983358293771744,0.0006103515625,0.051306888461112976,0.08649645745754242
1.0535,0.03983375057578087,0.00030517578125,0.05133196339011192,0.08625638484954834
1.054,0.03983347490429878,0.0006103515625,0.05111802741885185,0.08655911684036255
1.0545,0.039833493530750275,0.0006103515625,0.05149386450648308,0.08603323251008987
1.055,0.0398334339261055,0.00030517578125,0.05129016563296318,0.08613438159227371
1.0555,0.039833683520555496,0.0006103515625,0.05100836604833603,0.08613382279872894
1.056,0.03983349725604057,0.00030517578125,0.05151898041367531,0.08663897216320038
1.0565,0.03983335942029953,0.00030517578125,0.05141989514231682,0.08735144138336182
1.057,0.039833564311265945,0.0006103515625,0.05157708376646042,0.08626721054315567
1.0575,0.03983350843191147,0.0,0.05182332918047905,0.0866328701376915
1.058,0.039833806455135345,0.00030517578125,0.0511968620121479,0.08630982041358948
1.0585,0.039833612740039825,0.0006103515625,0.05177187919616699,0.08646304160356522
1.059,0.03983377665281296,0.0006103515625,0.05143362283706665,0.08753037452697754
1.0595,0.03983371704816818,0.0006103515625,0.05190277472138405,0.0870378240942955
1.06,0.03983355313539505,0.0006103515625,0.05176367983222008,0.08679234236478806
1.0605,0.03983347862958908,0.0,0.052126627415418625,0.08672566711902618
1.061,0.039833515882492065,0.00030517578125,0.05200905725359917,0.08658674359321594
1.0615,0.0398336760699749,0.00030517578125,0.05125478655099869,0.08652645349502563
1.062,0.03983370214700699,0.0006103515625,0.05183856934309006,0.0869402065873146
1.0625,0.03983365371823311,0.0006103515625,0.05153602361679077,0.086842842400074
1.063,0.0398334264755249,0.00030517578125,0.05160974711179733,0.08681069314479828
1.0635,0.03983355313539505,0.00030517578125,0.05160071328282356,0.08673437684774399
1.064,0.03983370587229729,0.0006103515625,0.05141014605760574,0.08720490336418152
1.0645,0.03983341529965401,-0.00030517578125,0.05116880685091019,0.0863042026758194
1.065,0.03983348235487938,0.00030517578125,0.05178985744714737,0.08628764748573303
1.0655,0.03983365744352341,0.00030517578125,0.05187469348311424,0.08708524703979492
1.066,0.039833344519138336,0.0006103515625,0.05158388242125511,0.08644311130046844
1.0665,0.039833467453718185,0.00030517578125,0.05194171145558357,0.08769916743040085
1.067,0.03983369097113609,0.00030517578125,0.05210299789905548,0.08689122647047043
1.0675,0.03983377292752266,0.00030517578125,0.05213027819991112,0.08684531599283218
1.068,0.03983357176184654,0.00030517578125,0.051572490483522415,0.087102010846138
1.0685,0.03983371704816818,0.0006103515625,0.05223771184682846,0.08677057921886444
1.069,0.03983362019062042,0.0006103515625,0.05183095484972,0.08666258305311203
1.0695,0.03983340784907341,0.0006103515625,0.05210413038730621,0.08625118434429169
1.07,0.03983399644494057,0.00030517578125,0.051680319011211395,0.08726005256175995
1.0705,0.03983349725604057,0.0,0.051810260862112045,0.08599942177534103
1.071,0.03983369097113609,0.0006103515625,0.05161646381020546,0.08700467646121979
1.0715,0.03983365371823311,0.00030517578125,0.051812924444675446,0.08555376529693604
1.072,0.03983362391591072,0.0006103515625,0.05213649943470955,0.08659501373767853
1.0725,0.039833761751651764,0.0006103515625,0.050996143370866776,0.08642935007810593
1.073,0.03983344882726669,0.0006103515625,0.051665402948856354,0.08623214066028595
1.0735,0.03983389586210251,0.0,0.051566217094659805,0.0868736207485199
1.074,0.03983362019062042,0.0,0.05197925865650177,0.0868377685546875
1.0745,0.03983346000313759,0.00030517578125,0.05187324807047844,0.08688021451234818
1.075,0.03983364254236221,0.00152587890625,0.05141308158636093,0.08624754846096039
1.0755,0.03983372077345848,0.00030517578125,0.051635242998600006,0.0857866033911705
1.076,0.039833586663007736,0.00030517578125,0.05125149339437485,0.0863470733165741
1.0765,0.03983374685049057,0.0,0.05177151411771774,0.08670034259557724
1.077,0.039833564311265945,0.00030517578125,0.05131393298506737,0.08676362037658691
1.0775,0.039833828806877136,0.0006103515625,0.051350124180316925,0.08691930770874023
1.078,0.039833731949329376,0.0006103515625,0.05103185027837753,0.08640170842409134
1.0785,0.03983354568481445,0.00030517578125,0.05172877013683319,0.08707555383443832
1.079,0.0398336760699749,0.0006103515625,0.050865788012742996,0.08682449162006378
1.0795,0.03983346372842789,0.0006103515625,0.05153461545705795,0.08575202524662018
1.08,0.03983372077345848,0.0,0.0512155182659626,0.08654135465621948
1.0805,0.039833612740039825,0.0,0.05111204832792282,0.08668351918458939
1.081,0.039833635091781616,0.0006103515625,0.05055178329348564,0.08713600039482117
1.0815,0.03983360156416893,0.0006103515625,0.05068886652588844,0.087122343480587
1.082,0.039833761751651764,0.00091552734375,0.05112280324101448,0.08699388056993484
1.0825,0.03983372822403908,0.00030517578125,0.05056438967585564,0.08627859503030777
1.083,0.03983338922262192,0.0,0.05122445523738861,0.08627193421125412
1.0835,0.03983359783887863,0.00030517578125,0.05113838613033295,0.08597785234451294
1.084,0.03983360156416893,0.0006103515625,0.05065276846289635,0.08620515465736389
1.0845,0.03983336687088013,0.00030517578125,0.051045678555965424,0.08683232963085175
1.085,0.039833780378103256,0.0006103515625,0.0507999025285244,0.08649091422557831
1.0855,0.03983365371823311,0.00030517578125,0.05090445280075073,0.08702876418828964
1.086,0.03983362391591072,0.00030517578125,0.05099049210548401,0.08614619821310043
1.0865,0.03983369469642639,0.00030517578125,0.05134059488773346,0.08698157966136932
1.087,0.03983369469642639,0.00091552734375,0.05084642022848129,0.08734411746263504
1.0875,0.03983357176184654,0.0006103515625,0.0510353185236454,0.08627136051654816
1.088,0.03983393311500549,0.00091552734375,0.050800491124391556,0.08626072108745575
1.0885,0.03983360901474953,0.0006103515625,0.0511399544775486,0.08719514310359955
1.089,0.039833709597587585,0.0006103515625,0.05113498866558075,0.08738068491220474
1.0895,0.039833419024944305,0.0,0.050737518817186356,0.08712303638458252
1.09,0.03983348235487938,0.0006103515625,0.05124984309077263,0.08681260049343109
1.0905,0.039833683520555496,0.0006103515625,0.0508565716445446,0.08612757176160812
1.091,0.039833806455135345,0.0,0.05108317360281944,0.08731327205896378
1.0915,0.03983352705836296,0.00030517578125,0.051022496074438095,0.08588824421167374
1.092,0.03983346000313759,0.0006103515625,0.0512264110147953,0.0869426354765892
1.0925,0.03983373939990997,0.0006103515625,0.05117820203304291,0.08610832691192627
1.093,0.03983348608016968,0.0006103515625,0.0510830283164978,0.08674092590808868
1.0935,0.039833471179008484,0.0,0.05125913396477699,0.08752439171075821
1.094,0.03983348235487938,0.00030517578125,0.051645372062921524,0.08645568042993546
1.0945,0.039833683520555496,0.0006103515625,0.051058173179626465,0.08740817755460739
1.095,0.03983358293771744,0.0006103515625,0.051161978393793106,0.08656784892082214
1.0955,0.03983365371823311,0.0006103515625,0.05139400064945221,0.08658844977617264
1.096,0.03983333334326744,0.0,0.051368195563554764,0.08648233115673065
1.0965,0.03983358293771744,0.0,0.05092824995517731,0.08687594532966614
1.097,0.039833661168813705,0.0006103515625,0.051411379128694534,0.08667001128196716
1.0975,0.039833612740039825,0.00091552734375,0.05140655115246773,0.08656062185764313
1.098,0.039833445101976395,0.0006103515625,0.05090882629156113,0.08657883107662201
1.0985,0.03983370587229729,0.0006103515625,0.051466409116983414,0.08662370592355728
1.099,0.03983375057578087,0.0006103515625,0.05133784934878349,0.08662507683038712
1.0995,0.039833493530750275,0.0006103515625,0.05112117528915405,0.08581382781267166
1.1,0.0398336797952652,0.0006103515625,0.05131375789642334,0.08658283203840256
1.1005,0.03983380272984505,0.001220703125,0.051407765597105026,0.08642516285181046
1.101,0.03983373939990997,0.00030517578125,0.05137055367231369,0.08656994998455048
1.1015,0.039833735674619675,0.00030517578125,0.05130290612578392,0.08640668541193008
1.102,0.03983386605978012,0.00030517578125,0.051393475383520126,0.08592910319566727
1.1025,0.03983400762081146,0.0,0.05118114501237869,0.08583062887191772
1.103,0.03983357176184654,-0.0006103515625,0.05154521018266678,0.08581123501062393
1.1035,0.03983364999294281,0.00030517578125,0.05125230550765991,0.08671985566616058
1.104,0.03983377665281296,0.0006103515625,0.05098148062825203,0.08620326220989227
1.1045,0.03983365371823311,0.00091552734375,0.050899822264909744,0.0868813768029213
1.105,0.03983345627784729,0.0006103515625,0.05121622607111931,0.08610755205154419
1.1055,0.03983351215720177,0.00030517578125,0.051199425011873245,0.08707884699106216
1.106,0.039833519607782364,0.00030517578125,0.05114557221531868,0.08548533171415329
1.1065,0.039833445101976395,0.0006103515625,0.05144773796200752,0.08605846762657166
1.107,0.039833616465330124,0.00091552734375,0.05075247958302498,0.08668606728315353
1.1075,0.039833392947912216,0.00030517578125,0.050774846225976944,0.0864337906241417
1.108,0.03983350470662117,0.00030517578125,0.051056794822216034,0.08615448325872421
1.1085,0.039833586663007736,0.00091552734375,0.05113789066672325,0.08673268556594849
1.109,0.03983377665281296,0.0006103515625,0.05116221308708191,0.08696376532316208
1.1095,0.039833687245845795,0.00030517578125,0.05077379569411278,0.08689958602190018
1.11,0.03983349725604057,0.0,0.0509461984038353,0.08619194477796555
1.1105,0.039833683520555496,0.00030517578125,0.05126003921031952,0.08513450622558594
1.111,0.03983357921242714,0.00091552734375,0.050640661269426346,0.08676117658615112
1.1115,0.039833441376686096,0.0006103515625,0.050830598920583725,0.08646335452795029
1.112,0.03983349725604057,0.0006103515625,0.05105695500969887,0.0861007571220398
1.1125,0.0398336760699749,0.00030517578125,0.050882626324892044,0.08733858168125153
1.113,0.03983353078365326,0.0006103515625,0.05103611201047897,0.08600080758333206
1.1135,0.039833683520555496,0.0006103515625,0.05081987753510475,0.08656381815671921
1.114,0.039833348244428635,0.00030517578125,0.050915833562612534,0.08575937151908875
1.1145,0.039833687245845795,0.0006103515625,0.05088459700345993,0.08637743443250656
1.115,0.03983346000313759,-0.00030517578125,0.05046917125582695,0.08598804473876953
1.1155,0.03983363136649132,0.0006103515625,0.050545718520879745,0.08620329946279526
1.116,0.03983369842171669,0.0006103515625,0.05053075775504112,0.0864163339138031
1.1165,0.03983372077345848,0.00091552734375,0.05045599117875099,0.08673359453678131
1.117,0.03983373939990997,0.00091552734375,0.05090891942381859,0.0865941122174263
1.1175,0.03983359783887863,0.00030517578125,0.05075503885746002,0.08629771322011948
1.118,0.03983375057578087,0.0,0.05077534541487694,0.08695834130048752
1.1185,0.03983364254236221,0.00030517578125,0.050727516412734985,0.0859687328338623
1.119,0.03983357176184654,0.00030517578125,0.050989117473363876,0.08682394027709961
1.1195,0.03983360156416893,0.00030517578125,0.05080169811844826,0.08628612011671066
1.12,0.0398334264755249,0.00030517578125,0.0509268082678318,0.0864020511507988
1.1205,0.039833661168813705,0.00030517578125,0.050677064806222916,0.08712705969810486
1.121,0.039833344519138336,0.0,0.051139745861291885,0.08574006706476212
1.1215,0.03983370587229729,0.00030517578125,0.050293851643800735,0.08664441853761673
1.122,0.03983358293771744,0.0006103515625,0.05120847746729851,0.08602937310934067
1.1225,0.039833731949329376,0.00030517578125,0.05101965367794037,0.08656753599643707
1.123,0.03983357176184654,0.0006103515625,0.05060159042477608,0.08595303446054459
1.1235,0.03983347862958908,0.0006103515625,0.051041990518569946,0.08677751570940018
1.124,0.03983364254236221,0.0006103515625,0.05052271857857704,0.08607928454875946
1.1245,0.03983344882726669,0.00030517578125,0.05061769858002663,0.08597267419099808
1.125,0.03983362391591072,0.0006103515625,0.050982676446437836,0.0858938917517662
1.1255,0.03983373939990997,0.0,0.050930701196193695,0.08586461842060089
1.126,0.03983363136649132,0.00091552734375,0.051038071513175964,0.08597175031900406
1.1265,0.03983346000313759,0.00091552734375,0.05068138614296913,0.08563718944787979
1.127,0.039833519607782364,0.00030517578125,0.05116847902536392,0.08708184957504272
1.1275,0.03983360156416893,0.00091552734375,0.05114901810884476,0.0862276703119278
1.128,0.039833348244428635,-0.00030517578125,0.05082310736179352,0.08640369772911072
1.1285,0.039833586663007736,0.0006103515625,0.05138017609715462,0.086631178855896
1.129,0.039833683520555496,0.0006103515625,0.05108822137117386,0.08600153028964996
1.1295,0.039833638817071915,0.00091552734375,0.05116395652294159,0.08605576306581497
1.13,0.03983357921242714,0.0006103515625,0.05123142898082733,0.0857100784778595
1.1305,0.03983375430107117,0.0006103515625,0.050786472856998444,0.08613409101963043
1.131,0.039833568036556244,0.0006103515625,0.051191721111536026,0.08649242669343948
1.1315,0.03983357176184654,0.00030517578125,0.051135722547769547,0.08672009408473969
1.132,0.039833538234233856,0.0,0.05118235945701599,0.08585139364004135
1.1325,0.039833493530750275,0.0006103515625,0.051369741559028625,0.08682643622159958
1.133,0.03983365371823311,0.0006103515625,0.05161281302571297,0.08514270931482315
1.1335,0.03983359783887863,0.001220703125,0.05140864849090576,0.08569719642400742
1.134,0.039833590388298035,0.0,0.051350969821214676,0.0858970358967781
1.1345,0.03983357548713684,0.00030517578125,0.0512503981590271,0.0858374759554863
1.135,0.03983356058597565,0.00030517578125,0.051234349608421326,0.0869201198220253
1.1355,0.03983384743332863,0.00091552734375,0.05136173963546753,0.08640288561582565
1.136,0.03983344882726669,0.00030517578125,0.05118170753121376,0.08625754714012146
1.1365,0.039833467453718185,0.00030517578125,0.05114449933171272,0.08547856658697128
1.137,0.0398336760699749,0.0006103515625,0.051261089742183685,0.08505808562040329
1.1375,0.03983353078365326,0.0006103515625,0.05127005651593208,0.08579523116350174
1.138,0.03983359783887863,0.0,0.051418039947748184,0.08617658913135529
1.1385,0.03983341157436371,0.0006103515625,0.05117705091834068,0.08559401333332062
1.139,0.039833731949329376,0.00091552734375,0.051220279186964035,0.08645325899124146
1.1395,0.039833422750234604,0.0006103515625,0.051188476383686066,0.08630041778087616
1.14,0.03983357176184654,0.00091552734375,0.05150951072573662,0.08627817034721375
1.1405,0.039833709597587585,0.00030517578125,0.050942327827215195,0.08627360314130783
1.141,0.03983353450894356,0.0006103515625,0.05137045308947563,0.08528392761945724
1.1415,0.03983376547694206,0.00030517578125,0.05123228207230568,0.08623848855495453
1.142,0.039833638817071915,0.00030517578125,0.05095820873975754,0.08592458814382553
1.1425,0.03983379155397415,0.0006103515625,0.05158344283699989,0.08709884434938431
1.143,0.03983351215720177,0.0006103515625,0.050547707825899124,0.08620090782642365
1.1435,0.03983372822403908,0.00030517578125,0.05102863535284996,0.08601348847150803
1.144,0.03983371704816818,0.0006103515625,0.050992175936698914,0.08569265156984329
1.1445,0.039833590388298035,0.00030517578125,0.05100926384329796,0.08560693264007568
1.145,0.039833564311265945,0.0006103515625,0.05050398036837578,0.08494003117084503
1.1455,0.03983363136649132,0.00091552734375,0.051038194447755814,0.08598452061414719
1.146,0.039833638817071915,0.00091552734375,0.05094499886035919,0.08604408800601959
1.1465,0.03983348235487938,0.00030517578125,0.050482045859098434,0.08569850772619247
1.147,0.03983360528945923,0.0006103515625,0.05113041773438454,0.08627668023109436
1.1475,0.03983362764120102,0.0006103515625,0.05114484950900078,0.08619473874568939
1.148,0.039833489805459976,0.0,0.05071830749511719,0.08634057641029358
1.1485,0.03983321040868759,0.0006103515625,0.05057903379201889,0.08573662489652634
1.149,0.03983384370803833,0.0006103515625,0.05087089166045189,0.08618214726448059
1.1495,0.03983360528945923,0.00091552734375,0.050196826457977295,0.08578688651323318
1.15,0.03983335196971893,-0.00030517578125,0.050983723253011703,0.08597003668546677
1.1505,0.03983372077345848,0.0,0.05059073120355606,0.08619073033332825
1.151,0.03983352705836296,0.0006103515625,0.050523146986961365,0.08703821152448654
1.1515,0.039833471179008484,0.0006103515625,0.050715841352939606,0.08655529469251633
1.152,0.039833635091781616,0.0006103515625,0.050317149609327316,0.0861985832452774
1.1525,0.03983379900455475,0.00030517578125,0.050788749009370804,0.0865783765912056
1.153,0.03983348608016968,0.0006103515625,0.05047208443284035,0.08496218174695969
1.1535,0.03983335569500923,0.00030517578125,0.05031344294548035,0.08652936667203903
1.154,0.039833806455135345,0.0,0.05070236697793007,0.08616331964731216
1.1545,0.039833590388298035,0.00030517578125,0.05058439448475838,0.08610749244689941
1.155,0.03983340412378311,0.00091552734375,0.050384219735860825,0.08623804152011871
1.1555,0.03983379155397415,0.0006103515625,0.05082741379737854,0.08583014458417892
1.156,0.03983384370803833,0.0006103515625,0.050395600497722626,0.08685395121574402
1.1565,0.03983346372842789,0.00030517578125,0.05071224644780159,0.08613842725753784
1.157,0.0398334339261055,0.0006103515625,0.05091346800327301,0.0858326405286789
1.1575,0.039833586663007736,0.0006103515625,0.050403397530317307,0.0861257016658783
1.158,0.03983355313539505,0.00030517578125,0.05066743493080139,0.08626002073287964
1.1585,0.03983365744352341,0.00030517578125,0.05030183866620064,0.08574322611093521
1.159,0.03983372822403908,0.00030517578125,0.050985708832740784,0.08640290051698685
1.1595,0.0398336760699749,0.00030517578125,0.05044279992580414,0.08581707626581192
1.16,0.03983373939990997,0.00030517578125,0.05037938430905342,0.086006760597229
1.1605,0.039833590388298035,0.0,0.05059163272380829,0.08595208078622818
1.161,0.039833687245845795,0.0006103515625,0.05102209374308586,0.08506264537572861
1.1615,0.03983358293771744,-0.0006103515625,0.050956983119249344,0.08548013865947723
1.162,0.039833467453718185,0.00030517578125,0.050929658114910126,0.0850018784403801
1.1625,0.03983379155397415,0.001220703125,0.05109038203954697,0.08589165657758713
1.163,0.039833661168813705,0.00030517578125,0.05061221122741699,0.08599558472633362
1.1635,0.03983355686068535,0.00091552734375,0.051142409443855286,0.08561848104000092
1.164,0.03983370587229729,0.0006103515625,0.050784822553396225,0.08578408509492874
1.1645,0.039833612740039825,0.0006103515625,0.05130626633763313,0.08637146651744843
1.165,0.03983353078365326,0.00030517578125,0.05122245475649834,0.0853920504450798
1.1655,0.03983348235487938,0.0006103515625,0.05128171667456627,0.08549630641937256
1.166,0.039833828806877136,0.00030517578125,0.05099984630942345,0.08642026036977768
1.1665,0.03983323648571968,0.00030517578125,0.05129799246788025,0.08563721179962158
1.167,0.039833661168813705,0.0,0.05136418715119362,0.08655092120170593
1.1675,0.03983364626765251,0.00030517578125,0.05107072368264198,0.08522262424230576
1.168,0.0398336723446846,0.0,0.05136531963944435,0.08602014929056168
1.1685,0.03983364254236221,0.0006103515625,0.05109010636806488,0.08563321828842163
1.169,0.03983355686068535,0.001220703125,0.05123063921928406,0.08561787009239197
1.1695,0.039833396673202515,0.0006103515625,0.0514279268682003,0.08637751638889313
1.17,0.03983331844210625,0.0006103515625,0.05107123777270317,0.08578754961490631
1.1705,0.03983369842171669,0.0,0.05156003311276436,0.08659850805997849
1.171,0.03983349725604057,0.0006103515625,0.05138552933931351,0.08655676990747452
1.1715,0.0398334376513958,0.0006103515625,0.051575660705566406,0.08580611646175385
1.172,0.03983357548713684,0.00030517578125,0.051596011966466904,0.08590620011091232
1.1725,0.03983348235487938,0.0006103515625,0.05174943432211876,0.08589358627796173
1.173,0.03983377292752266,0.0006103515625,0.05119834467768669,0.0859113484621048
1.1735,0.03983359411358833,0.0,0.05132041126489639,0.0861835852265358
1.174,0.03983369842171669,0.0006103515625,0.05153203755617142,0.08686724305152893
1.1745,0.03983362019062042,0.0006103515625,0.05180208012461662,0.08579172194004059
1.175,0.03983344882726669,0.001220703125,0.05177195370197296,0.0866365134716034
1.1755,0.03983337804675102,0.00030517578125,0.05170717090368271,0.08553741872310638
1.176,0.039833758026361465,0.0,0.05131261795759201,0.08681262284517288
1.1765,0.039833515882492065,0.0,0.05169710889458656,0.08548545092344284
1.177,0.03983364999294281,0.0006103515625,0.051589686423540115,0.08641775697469711
1.1775,0.039833661168813705,0.0006103515625,0.05184803158044815,0.0856500118970871
1.178,0.03983352333307266,0.00030517578125,0.051466744393110275,0.08629640191793442
1.1785,0.039833687245845795,0.00030517578125,0.051020924001932144,0.0862218588590622
1.179,0.03983377292752266,0.0006103515625,0.051723629236221313,0.08730330318212509
1.1795,0.03983377665281296,0.00030517578125,0.05178651213645935,0.08658881485462189
1.18,0.039833445101976395,0.0006103515625,0.05144215002655983,0.08544766902923584
1.1805,0.03983378782868385,0.0006103515625,0.051237042993307114,0.08668332546949387
1.181,0.03983386978507042,0.0006103515625,0.051449283957481384,0.0859924852848053
1.1815,0.03983379155397415,0.0006103515625,0.051649365574121475,0.08710927516222
1.182,0.0398336723446846,0.0006103515625,0.051019567996263504,0.08590001612901688
1.1825,0.039833519607782364,0.0,0.05159468203783035,0.08656450361013412
1.183,0.03983384743332863,0.00030517578125,0.051452986896038055,0.08689549565315247
1.1835,0.03983360156416893,0.0006103515625,0.05139743164181709,0.08609937876462936
1.184,0.03983369469642639,0.0006103515625,0.05145597457885742,0.08611029386520386
1.1845,0.039833914488554,0.0006103515625,0.05159453675150871,0.0856267586350441
1.185,0.03983345627784729,0.0006103515625,0.05139860138297081,0.08647311478853226
1.1855,0.03983352333307266,0.00091552734375,0.051398470997810364,0.08619444817304611
1.186,0.039833758026361465,0.0006103515625,0.05125642195343971,0.08744633197784424
1.1865,0.039833568036556244,0.00030517578125,0.05120904743671417,0.08601883798837662
1.187,0.039833612740039825,0.0006103515625,0.051116399466991425,0.08590404689311981
1.1875,0.039833635091781616,0.00030517578125,0.05103473365306854,0.08683440834283829
1.188,0.03983346372842789,0.0006103515625,0.05108995735645294,0.0855722576379776
1.1885,0.03983376547694206,0.0,0.05140136927366257,0.08656826615333557
1.189,0.03983370587229729,0.0006103515625,0.051198482513427734,0.08649776130914688
1.1895,0.03983376920223236,0.00091552734375,0.05097701773047447,0.08683394640684128
1.19,0.039833616465330124,0.00030517578125,0.05133118852972984,0.0859714150428772
1.1905,0.039833664894104004,0.0006103515625,0.051195934414863586,0.08453360944986343
1.191,0.03983375057578087,0.0006103515625,0.05103147029876709,0.08515001833438873
1.1915,0.039833784103393555,0.0006103515625,0.05095599591732025,0.08649802207946777
1.192,0.039833635091781616,0.00091552734375,0.050943028181791306,0.08572027087211609
1.1925,0.039833731949329376,0.0006103515625,0.051242075860500336,0.08643265068531036
1.193,0.03983360528945923,0.00030517578125,0.05124121904373169,0.08672386407852173
1.1935,0.03983372449874878,0.0,0.050928059965372086,0.08611132204532623
1.194,0.039833664894104004,0.0006103515625,0.05100211501121521,0.08686861395835876
1.1945,0.039833422750234604,0.0006103515625,0.05140848085284233,0.08552748709917068
1.195,0.039833616465330124,0.0006103515625,0.05115634948015213,0.08615048974752426
1.1955,0.039833664894104004,0.0,0.05091492086648941,0.08538474887609482
1.196,0.039833735674619675,0.0,0.05118995159864426,0.08589806407690048
1.1965,0.03983346000313759,0.00030517578125,0.050749603658914566,0.08704085648059845
1.197,0.039833419024944305,0.00091552734375,0.051066804677248,0.08648338168859482
1.1975,0.039833758026361465,0.00091552734375,0.05137616768479347,0.08672428876161575
1.198,0.03983353078365326,0.00091552734375,0.05132569000124931,0.08643227070569992
1.1985,0.03983330354094505,0.0006103515625,0.05121743679046631,0.08557085692882538
1.199,0.03983369469642639,0.00030517578125,0.051187753677368164,0.0858222022652626
1.1995,0.03983369469642639,0.0006103515625,0.05139366537332535,0.08546476811170578
1.2,0.03983362391591072,0.0006103515625,0.05062760412693024,0.08567109704017639
1.2005,0.03983376547694206,0.00030517578125,0.05122147500514984,0.08673936128616333
1.201,0.03983357548713684,0.00091552734375,0.05092952027916908,0.08622860163450241
1.2015,0.03983358293771744,0.00091552734375,0.051238782703876495,0.08618278801441193
1.202,0.039833758026361465,0.00030517578125,0.05094889923930168,0.08634667843580246
1.2025,0.03983346372842789,0.0006103515625,0.05133239924907684,0.08583495765924454
1.203,0.03983375430107117,0.00091552734375,0.05114687979221344,0.08652812242507935
1.2035,0.0398334339261055,0.0006103515625,0.050973448902368546,0.08627022057771683
1.204,0.039833858609199524,0.00091552734375,0.051314640790224075,0.08625529706478119
1.2045,0.03983389958739281,0.0006103515625,0.05130939185619354,0.08615810424089432
1.205,0.039833590388298035,0.00030517578125,0.050928372889757156,0.08688540011644363
1.2055,0.039833638817071915,0.00030517578125,0.05085444822907448,0.08608643710613251
1.206,0.0398336723446846,0.00030517578125,0.05155311897397041,0.08741899579763412
1.2065,0.039833661168813705,0.00030517578125,0.050850532948970795,0.08573220670223236
1.207,0.03983357921242714,0.0006103515625,0.0510464608669281,0.08559707552194595
1.2075,0.03983357921242714,0.0,0.05109787359833717,0.08614762872457504
1.208,0.03983357176184654,0.00091552734375,0.051343537867069244,0.08581657707691193
1.2085,0.03983362764120102,0.0,0.0513443760573864,0.08667827397584915
1.209,0.03983363136649132,0.00091552734375,0.05131371319293976,0.08615830540657043
1.2095,0.039833709597587585,0.00030517578125,0.05127283185720444,0.08730515092611313
1.21,0.03983348608016968,0.0006103515625,0.05123411491513252,0.08637718111276627
1.2105,0.039833538234233856,0.0006103515625,0.05144266039133072,0.0860980674624443
1.211,0.03983381763100624,0.0006103515625,0.051013872027397156,0.0860331729054451
1.2115,0.039833538234233856,0.00091552734375,0.05141962319612503,0.08591688424348831
1.212,0.03983358293771744,0.0006103515625,0.05129014328122139,0.08606603741645813
1.2125,0.03983364254236221,0.00091552734375,0.05156795680522919,0.08635738492012024
1.213,0.03983377292752266,0.0,0.051248304545879364,0.08671993762254715
1.2135,0.03983374312520027,0.0006103515625,0.051020946353673935,0.08666367828845978
1.214,0.03983376547694206,0.00030517578125,0.05119724199175835,0.08625135570764542
1.2145,0.03983375430107117,0.0006103515625,0.05169510841369629,0.08528542518615723
1.215,0.03983397036790848,0.0,0.05135095492005348,0.08595838397741318
1.2155,0.039833538234233856,0.00030517578125,0.05132182687520981,0.08596590161323547
1.216,0.039833635091781616,0.00091552734375,0.05144919827580452,0.0863434299826622
1.2165,0.03983351215720177,0.00030517578125,0.05081646144390106,0.08634801208972931
1.217,0.039833322167396545,0.0006103515625,0.05107955262064934,0.08599227666854858
1.2175,0.03983393684029579,0.00030517578125,0.05096011608839035,0.08614110201597214
1.218,0.039833687245845795,0.0006103515625,0.05122057721018791,0.08617454022169113
1.2185,0.039833471179008484,0.0006103515625,0.050828613340854645,0.08692651242017746
1.219,0.0398339107632637,0.0006103515625,0.05098135769367218,0.0856642797589302
1.2195,0.039833761751651764,0.00091552734375,0.05123478174209595,0.0862785279750824
1.22,0.0398336760699749,0.0006103515625,0.0507005900144577,0.08614776283502579
1.2205,0.03983376920223236,0.0006103515625,0.05103353038430214,0.08668804168701172
1.221,0.039833661168813705,0.0006103515625,0.05106200650334358,0.08592144399881363
1.2215,0.0398334264755249,0.0006103515625,0.0510590635240078,0.08538483828306198
1.222,0.03983354568481445,0.0006103515625,0.050684817135334015,0.08598101139068604
1.2225,0.03983388841152191,0.0006103515625,0.050784770399332047,0.08566778153181076
1.223,0.03983370214700699,0.00030517578125,0.05081242322921753,0.08611033856868744
1.2235,0.03983359783887863,0.00091552734375,0.05080510675907135,0.08608533442020416
1.224,0.03983364626765251,0.0006103515625,0.051073476672172546,0.08577051758766174
1.2245,0.0398336723446846,0.0006103515625,0.05087120458483696,0.0861564427614212
1.225,0.03983350470662117,0.00030517578125,0.05074065923690796,0.0858030840754509
1.2255,0.039833590388298035,0.00030517578125,0.05075199902057648,0.08579171448945999
1.226,0.03983369097113609,0.0006103515625,0.05079856514930725,0.08656004071235657
1.2265,0.03983372077345848,0.00030517578125,0.05119176208972931,0.0859733372926712
1.227,0.03983356058597565,0.00030517578125,0.05086710304021835,0.08534351736307144
1.2275,0.039833471179008484,0.0,0.050798848271369934,0.08604030311107635
1.228,0.0398336797952652,0.0,0.050991374999284744,0.0859488844871521
1.2285,0.039833683520555496,0.0006103515625,0.05082442983984947,0.08708563446998596
1.229,0.03983354941010475,0.00030517578125,0.050605468451976776,0.08595151454210281
1.2295,0.03983364626765251,0.0006103515625,0.05080432444810867,0.08650904148817062
1.23,0.03983353450894356,0.00091552734375,0.050200942903757095,0.08622029423713684
1.2305,0.03983362391591072,0.0006103515625,0.05112118273973465,0.08519336581230164
1.231,0.03983396664261818,-0.00030517578125,0.05079171434044838,0.08589333295822144
1.2315,0.0398336723446846,0.00030517578125,0.050788071006536484,0.08656713366508484
1.232,0.03983358293771744,0.00030517578125,0.05106305703520775,0.08638201653957367
1.2325,0.039833780378103256,0.0006103515625,0.05077533796429634,0.08665554225444794
1.233,0.039833635091781616,0.00030517578125,0.05084853246808052,0.08724460005760193
1.2335,0.03983348608016968,0.0,0.05112754926085472,0.08575808256864548
1.234,0.039833635091781616,0.00030517578125,0.05092990770936012,0.08573831617832184
1.2345,0.039833780378103256,0.0006103515625,0.05066618695855141,0.08599084615707397
1.235,0.039833422750234604,0.0006103515625,0.05079442262649536,0.08572126924991608
1.2355,0.03983360156416893,0.0006103515625,0.05079953745007515,0.0865945816040039
1.236,0.03983372449874878,0.00091552734375,0.05086710676550865,0.08634265512228012
1.2365,0.039833955466747284,0.00030517578125,0.050691429525613785,0.08700184524059296
1.237,0.039833731949329376,0.00030517578125,0.05059466511011124,0.08569951355457306
1.2375,0.03983369097113609,0.00030517578125,0.0507308728992939,0.08583950996398926
1.238,0.039833687245845795,0.00030517578125,0.05114155635237694,0.08569163084030151
1.2385,0.03983353078365326,0.0006103515625,0.05105845257639885,0.08578204363584518
1.239,0.03983373939990997,0.0006103515625,0.050861429423093796,0.0859067514538765
1.2395,0.039833541959524155,0.00091552734375,0.05134248360991478,0.08546236902475357
1.24,0.03983375057578087,0.0,0.05081544816493988,0.08673514425754547
1.2405,0.03983362019062042,0.0006103515625,0.05093904957175255,0.08688466995954514
1.241,0.0398336760699749,-0.00030517578125,0.050907474011182785,0.08607485890388489
1.2415,0.039833735674619675,0.0006103515625,0.05101270228624344,0.08567357063293457
1.242,0.039833568036556244,0.0006103515625,0.05096004158258438,0.08547256141901016
1.2425,0.0398336686193943,0.001220703125,0.05100540071725845,0.08528999984264374
1.243,0.039833635091781616,0.0006103515625,0.05117792636156082,0.08582726120948792
1.2435,0.03983370587229729,0.00030517578125,0.050631821155548096,0.08591415733098984
1.244,0.03983364626765251,0.0,0.051217589527368546,0.08602597564458847
1.2445,0.03983394801616669,0.00030517578125,0.05084025114774704,0.08584977686405182
1.245,0.039833586663007736,0.0,0.051091864705085754,0.08651701360940933
1.2455,0.039833635091781616,0.0006103515625,0.05117252841591835,0.08597352355718613
1.246,0.03983374685049057,0.00030517578125,0.05078820139169693,0.0857512503862381
1.2465,0.039833590388298035,0.00030517578125,0.05090249329805374,0.08629962056875229
1.247,0.039833493530750275,0.0006103515625,0.050776418298482895,0.08517768234014511
1.2475,0.039833489805459976,0.0,0.05124877020716667,0.08643548935651779
1.248,0.039833419024944305,0.00030517578125,0.05118230730295181,0.08522450923919678
1.2485,0.03983364999294281,0.0006103515625,0.050902195274829865,0.08664483577013016
1.249,0.03983372077345848,0.00091552734375,0.05117477849125862,0.08583126962184906
1.2495,0.03983362764120102,0.00091552734375,0.051008131355047226,0.08567396551370621
1.25,0.03983354568481445,0.00030517578125,0.05108053982257843,0.08567241579294205
1.2505,0.03983384743332863,0.00030517578125,0.05108983442187309,0.08478812873363495
1.251,0.0398336723446846,0.00030517578125,0.051106300204992294,0.08636284619569778
1.2515,0.03983353450894356,0.0006103515625,0.051112353801727295,0.08625730872154236
1.252,0.03983333334326744,0.00091552734375,0.05105694755911827,0.08558248728513718
1.2525,0.03983355313539505,0.0006103515625,0.05090989172458649,0.08591587841510773
1.253,0.0398336760699749,0.00030517578125,0.051425106823444366,0.08599695563316345
1.2535,0.039833731949329376,0.0,0.05026908963918686,0.08513766527175903
1.254,0.039833616465330124,0.0006103515625,0.05098530650138855,0.08531511574983597
1.2545,0.03983359783887863,0.00091552734375,0.050897419452667236,0.08611234277486801
1.255,0.03983379900455475,0.00091552734375,0.05084526911377907,0.08495532721281052
1.2555,0.03983362391591072,0.0006103515625,0.050652943551540375,0.0867515578866005
1.256,0.03983360156416893,0.00091552734375,0.05088304728269577,0.08556243777275085
1.2565,0.03983393311500549,0.0006103515625,0.0508013479411602,0.08606225252151489
1.257,0.03983357176184654,0.00030517578125,0.050698280334472656,0.0851762518286705
1.2575,0.03983365744352341,0.00030517578125,0.05055968463420868,0.08617944270372391
1.258,0.03983376547694206,0.00091552734375,0.0508972592651844,0.08538597077131271
1.2585,0.039833538234233856,0.0006103515625,0.05096535012125969,0.08601807057857513
1.259,0.03983384743332863,0.00091552734375,0.05107550695538521,0.08601666241884232
1.2595,0.03983372077345848,0.0006103515625,0.05100245773792267,0.08606922626495361
1.26,0.03983375057578087,0.00030517578125,0.050683774054050446,0.08650577813386917
1.2605,0.03983372449874878,0.00030517578125,0.05049773305654526,0.08580151945352554
1.261,0.03983352333307266,0.0006103515625,0.050680603832006454,0.08545369654893875
1.2615,0.03983371704816818,0.0006103515625,0.05067180097103119,0.08531980216503143
1.262,0.039833806455135345,0.0006103515625,0.05068203806877136,0.08599841594696045
1.2625,0.03983389958739281,0.00091552734375,0.05060100927948952,0.08560987561941147
1.263,0.03983376547694206,0.00030517578125,0.050590142607688904,0.0856499895453453
1.2635,0.03983379155397415,0.00030517578125,0.05025234818458557,0.08755949884653091
1.264,0.039833683520555496,0.00030517578125,0.05078917369246483,0.0861361026763916
1.2645,0.039833664894104004,0.00030517578125,0.05064226686954498,0.08619016408920288
1.265,0.0398336723446846,0.0006103515625,0.05110599473118782,0.08544676005840302
1.2655,0.039833519607782364,0.0006103515625,0.05082830414175987,0.08619934320449829
1.266,0.03983373939990997,0.0006103515625,0.050855301320552826,0.08511455357074738
1.2665,0.039833564311265945,0.0006103515625,0.0508611798286438,0.08601715415716171
1.267,0.03983364254236221,0.00030517578125,0.05058049410581589,0.08636573702096939
1.2675,0.039833590388298035,0.00091552734375,0.0508820116519928,0.08697809278964996
1.268,0.03983354568481445,0.0006103515625,0.05103541910648346,0.085667185485363
1.2685,0.03983359411358833,0.00030517578125,0.050866056233644485,0.08512876182794571
1.269,0.0398336686193943,0.0006103515625,0.05027028173208237,0.08537037670612335
1.2695,0.039833638817071915,0.0,0.05092517286539078,0.0860535278916359
1.27,0.03983383998274803,0.0,0.05127745866775513,0.08563514053821564
1.2705,0.03983372077345848,0.00030517578125,0.050558533519506454,0.08528779447078705
1.271,0.039833731949329376,0.00030517578125,0.05100402235984802,0.08615457266569138
1.2715,0.03983370587229729,0.0006103515625,0.05104757845401764,0.08602404594421387
1.272,0.03983329236507416,0.001220703125,0.051169417798519135,0.08629179000854492
1.2725,0.03983369469642639,0.00091552734375,0.050829481333494186,0.08583418279886246
1.273,0.03983348235487938,0.0006103515625,0.05097397416830063,0.08576814830303192
1.2735,0.03983360901474953,0.00030517578125,0.05111740902066231,0.08614616841077805
1.274,0.039833374321460724,0.00030517578125,0.05123516544699669,0.08596843481063843
1.2745,0.03983364999294281,0.00091552734375,0.0504109263420105,0.08659521490335464
1.275,0.039833348244428635,0.00030517578125,0.05147267132997513,0.08521346002817154
1.2755,0.03983357548713684,0.0006103515625,0.051258254796266556,0.08579713106155396
1.276,0.039833758026361465,0.00030517578125,0.05056538060307503,0.0856395810842514
1.2765,0.03983381763100624,0.0006103515625,0.05147552117705345,0.08551499247550964
1.277,0.039833635091781616,0.00030517578125,0.05112602189183235,0.08555032312870026
1.2775,0.039833515882492065,0.00030517578125,0.05102693662047386,0.08595798164606094
1.278,0.039833515882492065,0.00091552734375,0.05109930410981178,0.08658914268016815
1.2785,0.03983346000313759,0.00091552734375,0.05081936717033386,0.08566957712173462
1.279,0.039833396673202515,0.00030517578125,0.051181234419345856,0.08557938039302826
1.2795,0.0398336686193943,0.00030517578125,0.050962407141923904,0.0855737179517746
1.28,0.03983359783887863,0.0006103515625,0.05114037171006203,0.08626118302345276
1.2805,0.039833612740039825,0.0,0.05098171532154083,0.08568304032087326
1.281,0.039833638817071915,0.00091552734375,0.051195647567510605,0.08532886207103729
1.2815,0.03983377292752266,0.00091552734375,0.05144258961081505,0.08604684472084045
1.282,0.03983359411358833,0.00091552734375,0.05103405565023422,0.08642501384019852
1.2825,0.03983369842171669,0.0006103515625,0.05103833228349686,0.08688948303461075
1.283,0.03983365744352341,0.00030517578125,0.05164310336112976,0.08545445650815964
1.2835,0.039833731949329376,0.0,0.05124087631702423,0.08598892390727997
1.284,0.039833590388298035,0.0006103515625,0.0512164942920208,0.0855896845459938
1.2845,0.039833635091781616,0.0006103515625,0.051023151725530624,0.08587338030338287
1.285,0.03983389213681221,0.0006103515625,0.05101551488041878,0.0858750119805336
1.2855,0.03983349725604057,0.00030517578125,0.0515471026301384,0.08641202002763748
1.286,0.03983380272984505,0.00030517578125,0.05118813365697861,0.08617931604385376
1.2865,0.03983357176184654,0.00091552734375,0.05100817605853081,0.08697692304849625
1.287,0.039833612740039825,0.00091552734375,0.051436908543109894,0.08628270030021667
1.2875,0.039833396673202515,0.00030517578125,0.051061391830444336,0.0856093242764473
1.288,0.039833880960941315,0.00030517578125,0.050953418016433716,0.08584423363208771
1.2885,0.039833832532167435,0.00030517578125,0.0509541854262352,0.08585488051176071
1.289,0.039833612740039825,-0.0006103515625,0.051169782876968384,0.08616369962692261
1.2895,0.039833903312683105,0.00091552734375,0.05118846148252487,0.0867951288819313
1.29,0.039833784103393555,0.0006103515625,0.05119212716817856,0.08694576472043991
1.2905,0.03983371704816818,0.00091552734375,0.0508163757622242,0.08634252846240997
1.291,0.039833445101976395,0.00030517578125,0.05072351545095444,0.08574648201465607
1.2915,0.03983375057578087,0.0006103515625,0.051224637776613235,0.08603258430957794
1.292,0.03983338922262192,0.0006103515625,0.05096198990941048,0.08571010828018188
1.2925,0.039833493530750275,0.00030517578125,0.05094651132822037,0.08604329079389572
1.293,0.039833661168813705,-0.00030517578125,0.05088166892528534,0.08556175976991653
1.2935,0.03983360528945923,0.00091552734375,0.05132999271154404,0.08630560338497162
1.294,0.039833683520555496,0.00030517578125,0.05086943134665489,0.08585382997989655
1.2945,0.039833590388298035,0.0006103515625,0.050883036106824875,0.08705925941467285
1.295,0.03983375057578087,0.00030517578125,0.051035791635513306,0.0860021635890007
1.2955,0.03983369097113609,0.00030517578125,0.050857629626989365,0.08591470122337341
1.296,0.039833493530750275,0.00030517578125,0.05102400854229927,0.08598125725984573
1.2965,0.03983389213681221,0.0006103515625,0.051157765090465546,0.08640874922275543
1.297,0.0398336797952652,0.00091552734375,0.05089103803038597,0.0865902230143547
1.2975,0.0398336723446846,0.00030517578125,0.05089040845632553,0.08575057983398438
1.298,0.039833832532167435,0.00030517578125,0.050883881747722626,0.08588678389787674
1.2985,0.03983386233448982,0.0006103515625,0.05105998367071152,0.08601062744855881
1.299,0.03983362019062042,0.0006103515625,0.05058218911290169,0.08628576993942261
1.2995,0.03983355313539505,0.0006103515625,0.05074780806899071,0.08578739315271378
1.3,0.03983352333307266,0.00030517578125,0.051321323961019516,0.08644934743642807
1.3005,0.03983352333307266,0.0006103515625,0.05077086016535759,0.08605703711509705
1.301,0.03983346372842789,0.00030517578125,0.050500210374593735,0.08614389598369598
1.3015,0.039833709597587585,0.0006103515625,0.05093633756041527,0.0860019251704216
1.302,0.03983340784907341,0.0006103515625,0.050991855561733246,0.08527018129825592
1.3025,0.03983373939990997,0.00030517578125,0.050628017634153366,0.08622580021619797
1.303,0.03983381390571594,0.0006103515625,0.05070575699210167,0.08518322557210922
1.3035,0.039833903312683105,0.00030517578125,0.050872571766376495,0.08639027923345566
1.304,0.03983364999294281,0.00030517578125,0.05045096203684807,0.08576653152704239
1.3045,0.039833564311265945,0.00091552734375,0.05078966170549393,0.0863519161939621
1.305,0.03983382135629654,0.00091552734375,0.05066259950399399,0.08635999262332916
1.3055,0.039833586663007736,0.0006103515625,0.05107014998793602,0.08567095547914505
1.306,0.0398336760699749,0.00030517578125,0.050504788756370544,0.08516310900449753
1.3065,0.03983377665281296,0.0006103515625,0.05116286128759384,0.08560275286436081
1.307,0.039833638817071915,0.0006103515625,0.051233816891908646,0.08570166677236557
1.3075,0.03983347490429878,0.0006103515625,0.05099118500947952,0.0855591669678688
1.308,0.03983372077345848,0.00091552734375,0.05081856623291969,0.08611881732940674
1.3085,0.039833713322877884,0.00091552734375,0.05105217918753624,0.08670608699321747
1.309,0.03983362019062042,0.0,0.05112755671143532,0.08658089488744736
1.3095,0.03983362019062042,0.0006103515625,0.05110207200050354,0.08646515756845474
1.31,0.03983375057578087,0.00091552734375,0.05110825598239899,0.0862608477473259
1.3105,0.03983362019062042,0.0006103515625,0.05120958015322685,0.08530256897211075
1.311,0.039833515882492065,0.00030517578125,0.05091724544763565,0.08580183237791061
1.3115,0.039833616465330124,0.0,0.05079427734017372,0.08574654906988144
1.312,0.03983354568481445,0.0006103515625,0.051150623708963394,0.08658634126186371
1.3125,0.03983379527926445,0.00030517578125,0.05127166211605072,0.08618099242448807
1.313,0.039833467453718185,0.00091552734375,0.051412954926490784,0.08595108240842819
1.3135,0.03983357921242714,0.00030517578125,0.05129508674144745,0.08612552285194397
1.314,0.03983376547694206,0.00030517578125,0.05126269534230232,0.08558987081050873
1.3145,0.03983359783887863,0.0006103515625,0.05120467394590378,0.0859919935464859
1.315,0.03983365744352341,0.00030517578125,0.05118737369775772,0.08549515902996063
1.3155,0.039833564311265945,0.0006103515625,0.051385171711444855,0.08597961813211441
1.316,0.03983365371823311,0.00091552734375,0.05084114894270897,0.08626437187194824
1.3165,0.03983365744352341,0.001220703125,0.050745509564876556,0.0862465351819992
1.317,0.03983381390571594,0.00030517578125,0.05097728222608566,0.0878104493021965
1.3175,0.039833538234233856,0.00091552734375,0.050870779901742935,0.08634074032306671
1.318,0.03983346000313759,0.00030517578125,0.05093083903193474,0.08635082095861435
1.3185,0.039833687245845795,0.0006103515625,0.051311276853084564,0.08572682738304138
1.319,0.0398336686193943,0.0006103515625,0.05118059739470482,0.08645610511302948
1.3195,0.03983364999294281,0.0006103515625,0.0508459098637104,0.08560527116060257
1.32,0.039833903312683105,0.00030517578125,0.05143316835165024,0.08700461685657501
1.3205,0.039833709597587585,0.0006103515625,0.05077444016933441,0.08626995980739594
1.321,0.03983376920223236,0.00030517578125,0.050503749400377274,0.08642521500587463
1.3215,0.03983355686068535,0.00030517578125,0.0509922057390213,0.08620502799749374
1.322,0.03983370587229729,0.00030517578125,0.05127429962158203,0.08513291925191879
1.3225,0.039833586663007736,0.00030517578125,0.05125098302960396,0.08537337929010391
1.323,0.03983357548713684,0.00091552734375,0.05113785341382027,0.08582352101802826
1.3235,0.039833661168813705,0.0006103515625,0.05129566416144371,0.08673291653394699
1.324,0.039833299815654755,0.0006103515625,0.0509234219789505,0.08601666986942291
1.3245,0.039833419024944305,0.00030517578125,0.05060485750436783,0.08649197220802307
1.325,0.03983381390571594,0.0006103515625,0.05096278712153435,0.08731129765510559
1.3255,0.03983344882726669,0.0006103515625,0.05124025046825409,0.08631002902984619
1.326,0.039833471179008484,0.00091552734375,0.05088385194540024,0.08649557083845139
1.3265,0.039833564311265945,0.0006103515625,0.051241323351860046,0.08598782867193222
1.327,0.0398336760699749,0.00030517578125,0.051181692630052567,0.08654710650444031
1.3275,0.039833519607782364,0.00030517578125,0.05083339661359787,0.08561643958091736
1.328,0.039833664894104004,0.0006103515625,0.05118763819336891,0.08691301196813583
1.3285,0.039833810180425644,0.0006103515625,0.05102377384901047,0.08605600893497467
1.329,0.039833612740039825,0.0,0.05085798725485802,0.0863797664642334
1.3295,0.03983370587229729,0.00091552734375,0.051079992204904556,0.08573252707719803
1.33,0.03983374312520027,0.00091552734375,0.05101899802684784,0.08627454191446304
1.3305,0.039833713322877884,0.00030517578125,0.051071420311927795,0.08510791510343552
1.331,0.03983359783887863,0.0006103515625,0.05141538009047508,0.08602006733417511
1.3315,0.03983369469642639,0.0006103515625,0.05099913477897644,0.08628570288419724
1.332,0.03983350843191147,0.00030517578125,0.05119424685835838,0.08601979166269302
1.3325,0.03983370587229729,0.00091552734375,0.05102785676717758,0.0856374204158783
1.333,0.03983382135629654,0.00030517578125,0.051017362624406815,0.08640532940626144
1.3335,0.03983364626765251,0.0006103515625,0.0510251522064209,0.08616231381893158
1.334,0.039833638817071915,0.0006103515625,0.051208171993494034,0.08614988625049591
1.3345,0.039833441376686096,0.00030517578125,0.05097607523202896,0.08556994050741196
1.335,0.039833541959524155,0.0006103515625,0.051074594259262085,0.08586261421442032
1.3355,0.03983364999294281,0.0006103515625,0.05106591433286667,0.08627931028604507
1.336,0.03983372822403908,0.0006103515625,0.05108257010579109,0.08617674559354782
1.3365,0.03983364999294281,0.001220703125,0.05123119428753853,0.08490021526813507
1.337,0.039833731949329376,0.00030517578125,0.05079447478055954,0.08681583404541016
1.3375,0.039833586663007736,0.0006103515625,0.05078648030757904,0.08515087515115738
1.338,0.03983354941010475,0.0,0.050973162055015564,0.08600489050149918
1.3385,0.03983355313539505,0.0006103515625,0.05116987228393555,0.08635444939136505
1.339,0.03983369097113609,0.00030517578125,0.050730422139167786,0.08628419041633606
1.3395,0.03983359411358833,0.00091552734375,0.05082552507519722,0.08596232533454895
1.34,0.03983348235487938,0.0006103515625,0.051034118980169296,0.0855976939201355
1.3405,0.03983384370803833,0.0006103515625,0.050827860832214355,0.08588185161352158
1.341,0.03983338922262192,0.00030517578125,0.05072880908846855,0.08643969148397446
1.3415,0.03983371704816818,0.0,0.05123269185423851,0.08598913997411728
1.342,0.03983372077345848,0.00091552734375,0.05112655088305473,0.08612348139286041
1.3425,0.03983365371823311,0.0006103515625,0.05106305703520775,0.08605644106864929
1.343,0.03983371704816818,0.0006103515625,0.05103733390569687,0.0859200730919838
1.3435,0.03983359411358833,0.0006103515625,0.05088673532009125,0.08683538436889648
1.344,0.039833538234233856,0.00030517578125,0.05092015117406845,0.08646346628665924
1.3445,0.039833538234233856,0.0006103515625,0.05116395652294159,0.0854969248175621
1.345,0.039833586663007736,0.0006103515625,0.050893038511276245,0.08625603467226028
1.3455,0.03983330354094505,0.00091552734375,0.05126582086086273,0.08621063083410263
1.346,0.039833541959524155,0.00091552734375,0.05094428360462189,0.08655962347984314
1.3465,0.03983358293771744,0.00030517578125,0.05113152787089348,0.08569344133138657
1.347,0.039833687245845795,0.0006103515625,0.05113770067691803,0.08634781837463379
1.3475,0.039833709597587585,0.00030517578125,0.05089354142546654,0.08641087263822556
1.348,0.039833541959524155,0.0006103515625,0.05081455409526825,0.08661495894193649
1.3485,0.0398339182138443,0.0006103515625,0.051089104264974594,0.08606413751840591
1.349,0.039833635091781616,0.0006103515625,0.05126249045133591,0.08632971346378326
1.3495,0.03983357921242714,0.0006103515625,0.051264870911836624,0.08626631647348404
1.35,0.03983369469642639,0.00030517578125,0.05127154663205147,0.0857403501868248
1.3505,0.03983379527926445,0.00030517578125,0.0514645017683506,0.08645898103713989
1.351,0.03983350098133087,0.0006103515625,0.05079934000968933,0.08650178462266922
1.3515,0.039833687245845795,0.00091552734375,0.05099330097436905,0.08751524239778519
1.352,0.039833664894104004,0.0006103515625,0.0515008307993412,0.08712903410196304
1.3525,0.03983369097113609,0.00091552734375,0.050989992916584015,0.08620864152908325
1.353,0.039833638817071915,0.0006103515625,0.0512688085436821,0.08601991832256317
1.3535,0.039833568036556244,-0.00030517578125,0.051155202090740204,0.08646485954523087
1.354,0.03983354568481445,0.00030517578125,0.050937097519636154,0.08599293231964111
1.3545,0.03983354941010475,0.0006103515625,0.05142631754279137,0.08614055812358856
1.355,0.03983382508158684,0.00030517578125,0.05116846412420273,0.0870271846652031
1.3555,0.039833713322877884,0.00091552734375,0.05108274519443512,0.08661365509033203
1.356,0.03983345627784729,0.00030517578125,0.05044987425208092,0.08705700188875198
1.3565,0.03983364626765251,0.0,0.050989825278520584,0.08531392365694046
1.357,0.0398336797952652,0.0006103515625,0.0510176382958889,0.08651059865951538
1.3575,0.039833713322877884,0.00030517578125,0.0505550280213356,0.0856260284781456
1.358,0.03983362391591072,0.0006103515625,0.05070411413908005,0.08656690269708633
1.3585,0.0398336797952652,0.00091552734375,0.05088680237531662,0.08617104589939117
1.359,0.039833586663007736,0.00030517578125,0.05104735121130943,0.08619802445173264
1.3595,0.03983375057578087,0.00091552734375,0.050868384540081024,0.08567075431346893
1.36,0.03983355686068535,0.0006103515625,0.051194582134485245,0.08628597855567932
1.3605,0.03983381763100624,0.00030517578125,0.05092787742614746,0.08618378639221191
1.361,0.03983379155397415,0.00030517578125,0.05063411965966225,0.08563172817230225
1.3615,0.03983379900455475,0.00030517578125,0.05085179582238197,0.08625787496566772
1.362,0.039833661168813705,0.0006103515625,0.05086686089634895,0.0859159454703331
1.3625,0.03983360528945923,0.0006103515625,0.050649356096982956,0.08680598437786102
1.363,0.03983345627784729,0.00030517578125,0.05088384449481964,0.0856451541185379
1.3635,0.0398336723446846,0.0006103515625,0.050610657781362534,0.08605432510375977
1.364,0.03983387351036072,0.0006103515625,0.05082204192876816,0.08636800199747086
1.3645,0.03983353078365326,0.0006103515625,0.05030130594968796,0.08569546788930893
1.365,0.03983377292752266,0.0006103515625,0.050920624285936356,0.08615688979625702
1.3655,0.03983353078365326,0.0006103515625,0.05083082616329193,0.08605591952800751
1.366,0.039833616465330124,0.00030517578125,0.05060166120529175,0.08687818050384521
1.3665,0.03983330726623535,0.0,0.050649113953113556,0.08632707595825195
1.367,0.039833780378103256,-0.00030517578125,0.05106549710035324,0.08554814755916595
1.3675,0.0398336723446846,0.0,0.05072419345378876,0.08575790375471115
1.368,0.039833616465330124,0.0006103515625,0.050833240151405334,0.08635634928941727
1.3685,0.039833880960941315,0.00091552734375,0.05048801004886627,0.0862174704670906
1.369,0.03983369097113609,0.00030517578125,0.050800252705812454,0.08624918013811111
1.3695,0.0398336686193943,0.0,0.05089665204286575,0.08676430583000183
1.37,0.039833396673202515,-0.0006103515625,0.050561659038066864,0.08568460494279861
1.3705,0.0398336760699749,0.0006103515625,0.050928473472595215,0.08707179129123688
1.371,0.03983349725604057,0.0006103515625,0.0510905496776104,0.08544963598251343
1.3715,0.0398336797952652,0.00091552734375,0.050773993134498596,0.0865541398525238
1.372,0.03983360901474953,0.00091552734375,0.05082043260335922,0.08628077059984207
1.3725,0.03983379155397415,0.0006103515625,0.051082029938697815,0.0860239565372467
1.373,0.03983354941010475,0.00030517578125,0.050763893872499466,0.08619959652423859
1.3735,0.039833541959524155,0.00030517578125,0.05122622102499008,0.08683168143033981
1.374,0.039833612740039825,0.00030517578125,0.051055777817964554,0.08672235161066055
1.3745,0.03983340784907341,0.0006103515625,0.05083182454109192,0.08602298051118851
1.375,0.03983365744352341,0.0006103515625,0.051107849925756454,0.08596253395080566
1.3755,0.03983364999294281,0.00030517578125,0.05070986598730087,0.08570466190576553
1.376,0.03983372077345848,0.0006103515625,0.05083184689283371,0.08606104552745819
1.3765,0.0398336797952652,0.00091552734375,0.05132247135043144,0.08535517752170563
1.377,0.03983387351036072,0.0,0.05090142786502838,0.08651342242956161
1.3775,0.03983352333307266,0.00030517578125,0.05098450183868408,0.08545432239770889
1.378,0.03983355313539505,0.0006103515625,0.05096699297428131,0.08540603518486023
1.3785,0.03983348608016968,0.0006103515625,0.05085882171988487,0.0869898796081543
1.379,0.03983357176184654,0.0006103515625,0.05126183480024338,0.08693254739046097
1.3795,0.03983354568481445,0.0006103515625,0.050730910152196884,0.08635114878416061
1.38,0.03983345255255699,0.00091552734375,0.0508868545293808,0.0862063616514206
1.3805,0.03983347490429878,0.00091552734375,0.05083231255412102,0.08633054047822952
1.381,0.03983347862958908,0.00091552734375,0.050658851861953735,0.08580466359853745
1.3815,0.039833661168813705,0.0006103515625,0.051015857607126236,0.08675672858953476
1.382,0.03983365371823311,0.0,0.05107854679226875,0.08603060245513916
1.3825,0.03983347862958908,0.0006103515625,0.051289550960063934,0.08677630871534348
1.383,0.039833683520555496,0.00030517578125,0.05065717175602913,0.08524339646100998
1.3835,0.039833635091781616,0.0006103515625,0.050915103405714035,0.08560247719287872
1.384,0.03983359783887863,0.0006103515625,0.05106351897120476,0.08540397882461548
1.3845,0.039833445101976395,0.00030517578125,0.05130120739340782,0.08534836769104004
1.385,0.03983359411358833,0.00030517578125,0.051149558275938034,0.08637940883636475
1.3855,0.03983360901474953,0.0006103515625,0.05109864100813866,0.08558034896850586
1.386,0.03983379155397415,0.0006103515625,0.05152798444032669,0.08679158240556717
1.3865,0.03983340039849281,0.0006103515625,0.050817616283893585,0.08638717234134674
1.387,0.039833687245845795,0.0006103515625,0.0515894740819931,0.08597096055746078
1.3875,0.03983364999294281,0.0006103515625,0.05136474221944809,0.08572190999984741
1.388,0.039833419024944305,0.0,0.05120810493826866,0.08577568829059601
1.3885,0.03983388841152191,0.0,0.05126604810357094,0.08593831956386566
1.389,0.0398339107632637,0.0006103515625,0.05146550014615059,0.08599211275577545
1.3895,0.03983369842171669,0.0,0.0512838289141655,0.08679511398077011
1.39,0.03983355686068535,0.00091552734375,0.050632230937480927,0.08654186874628067
1.3905,0.039833761751651764,0.0006103515625,0.051407165825366974,0.08576946705579758
1.391,0.03983375057578087,0.00030517578125,0.050664205104112625,0.08564317226409912
1.3915,0.03983355313539505,0.00030517578125,0.05160911753773689,0.08587154746055603
1.392,0.0398336760699749,0.0006103515625,0.051029980182647705,0.08547861129045486
1.3925,0.039833761751651764,0.00030517578125,0.05098039284348488,0.08633904904127121
1.393,0.03983357176184654,0.0006103515625,0.05093615502119064,0.08495786786079407
1.3935,0.03983370214700699,0.00030517578125,0.05126848444342613,0.08619703352451324
1.394,0.039833713322877884,0.00091552734375,0.05122819170355797,0.08669967949390411
1.3945,0.03983340412378311,0.00030517578125,0.05091012641787529,0.08604635298252106
1.395,0.03983362391591072,0.0006103515625,0.05112035572528839,0.0863654762506485
1.3955,0.039833661168813705,0.00030517578125,0.05086277052760124,0.08575170487165451
1.396,0.03983379900455475,0.00030517578125,0.051697179675102234,0.08631286770105362
1.3965,0.03983379155397415,0.00030517578125,0.05050712823867798,0.08518955111503601
1.397,0.039833731949329376,0.0006103515625,0.05119544267654419,0.08687831461429596
1.3975,0.03983359783887863,0.001220703125,0.051301199942827225,0.08654426038265228
1.398,0.03983372822403908,0.0006103515625,0.05096402019262314,0.0857294499874115
1.3985,0.03983376920223236,0.0,0.051022954285144806,0.08595343679189682
1.399,0.03983374685049057,0.0006103515625,0.050749801099300385,0.08536835759878159
1.3995,0.03983362019062042,0.00030517578125,0.051265135407447815,0.08570165187120438
1.4,0.03983376920223236,0.00030517578125,0.05053814873099327,0.0851946622133255
1.4005,0.039834022521972656,0.0006103515625,0.0513870045542717,0.08663246035575867
1.401,0.039833493530750275,0.0006103515625,0.050904158502817154,0.08523279428482056
1.4015,0.039833810180425644,-0.00030517578125,0.05123142898082733,0.08566061407327652
1.402,0.03983349725604057,0.00030517578125,0.051221270114183426,0.0853680670261383
1.4025,0.03983369469642639,0.0006103515625,0.05118909105658531,0.08632049709558487
1.403,0.03983357921242714,0.00030517578125,0.05056215450167656,0.08536137640476227
1.4035,0.03983349725604057,0.00030517578125,0.05132518708705902,0.08600389957427979
1.404,0.03983385115861893,0.00030517578125,0.050994593650102615,0.0857197716832161
1.4045,0.039833564311265945,0.0,0.05118214711546898,0.08541841059923172
1.405,0.03983360528945923,0.00030517578125,0.05107006058096886,0.08612677454948425
1.4055,0.039833761751651764,0.00152587890625,0.05063363537192345,0.08575553447008133
1.406,0.03983394056558609,0.0006103515625,0.0513232946395874,0.08663889765739441
1.4065,0.03983382508158684,0.00030517578125,0.05064421892166138,0.08592081069946289
1.407,0.03983365371823311,0.0,0.05149915814399719,0.08604709059000015
1.4075,0.039833731949329376,0.0006103515625,0.05102555453777313,0.0851396918296814
1.408,0.03983354941010475,0.0006103515625,0.051487136632204056,0.08546525239944458
1.4085,0.03983377292752266,0.0006103515625,0.05092138424515724,0.08612609654664993
1.409,0.039833322167396545,0.0,0.05138028785586357,0.08583620190620422
1.4095,0.039833612740039825,0.0006103515625,0.051205359399318695,0.08670161664485931
1.41,0.03983347862958908,0.0006103515625,0.051128216087818146,0.08564361929893494
1.4105,0.03983349725604057,0.0006103515625,0.05114728584885597,0.08609980344772339
1.411,0.03983348608016968,0.00030517578125,0.051260221749544144,0.08557312935590744
1.4115,0.03983349725604057,0.00030517578125,0.050782352685928345,0.08664389699697495
1.412,0.0398336686193943,0.00030517578125,0.050825413316488266,0.08587182313203812
1.4125,0.03983347490429878,0.00030517578125,0.05138242617249489,0.08620178699493408
1.413,0.03983351215720177,0.0006103515625,0.051272597163915634,0.08654098212718964
1.4135,0.03983359783887863,0.0006103515625,0.0512520857155323,0.08576390147209167
1.414,0.03983374312520027,0.00091552734375,0.05117710679769516,0.08623896539211273
1.4145,0.0398336686193943,0.00030517578125,0.0511191301047802,0.08559184521436691
1.415,0.03983370214700699,0.0,0.05129275843501091,0.08588501811027527
1.4155,0.03983357176184654,0.00030517578125,0.050788458436727524,0.08535170555114746
1.416,0.039833810180425644,0.00091552734375,0.051175978034734726,0.08628226816654205
1.4165,0.03983335569500923,0.0,0.050772570073604584,0.08577629178762436
1.417,0.03983370587229729,0.0006103515625,0.0508347749710083,0.08683016151189804
1.4175,0.03983373939990997,0.00030517578125,0.05114779248833656,0.08642157167196274
1.418,0.03983363136649132,0.00030517578125,0.05097132921218872,0.08560307323932648
1.4185,0.03983372077345848,0.0,0.050939880311489105,0.08562960475683212
1.419,0.03983377292752266,0.00091552734375,0.05119578540325165,0.08539744466543198
1.4195,0.03983359411358833,0.0006103515625,0.05095536261796951,0.08588285744190216
1.42,0.039833374321460724,0.0006103515625,0.05113551765680313,0.08559108525514603
1.4205,0.03983353078365326,0.00091552734375,0.051137905567884445,0.08677634596824646
1.421,0.03983369097113609,0.00030517578125,0.050891242921352386,0.08674127608537674
1.4215,0.03983382135629654,0.00030517578125,0.05144484341144562,0.08576419204473495
1.422,0.03983352333307266,0.0006103515625,0.050791144371032715,0.08531977981328964
1.4225,0.039833538234233856,0.00091552734375,0.05099954456090927,0.08581747114658356
1.423,0.03983370214700699,0.00030517578125,0.05106804519891739,0.08587344735860825
1.4235,0.03983364999294281,0.00091552734375,0.05047495663166046,0.08595579862594604
1.424,0.03983383998274803,0.0,0.051378440111875534,0.08615823835134506
1.4245,0.03983359783887863,0.0006103515625,0.05094272643327713,0.08506090193986893
1.425,0.03983379527926445,0.0,0.051015764474868774,0.085831418633461
1.4255,0.039833422750234604,0.0006103515625,0.050982408225536346,0.08532093465328217
1.426,0.03983382508158684,0.0006103515625,0.05130115523934364,0.08624892681837082
1.4265,0.03983352333307266,0.0006103515625,0.05101596936583519,0.08575505763292313
1.427,0.039833713322877884,0.0,0.05122235044836998,0.08572167158126831
1.4275,0.03983374312520027,0.0,0.051462866365909576,0.08671216666698456
1.428,0.03983327001333237,-0.0006103515625,0.051049038767814636,0.08606673032045364
1.4285,0.03983393684029579,0.00030517578125,0.051096078008413315,0.08656720072031021
1.429,0.03983328863978386,0.00030517578125,0.051404740661382675,0.08592502027750015
1.4295,0.03983374312520027,0.00030517578125,0.050899337977170944,0.0865219235420227
1.43,0.03983349725604057,0.0006103515625,0.05142134055495262,0.08517264574766159
1.4305,0.03983382508158684,-0.00030517578125,0.05133070796728134,0.08615200221538544
1.431,0.03983360901474953,0.0006103515625,0.050982896238565445,0.08556386828422546
1.4315,0.039833396673202515,0.001220703125,0.051119547337293625,0.08626604080200195
1.432,0.039833612740039825,0.0006103515625,0.05117056518793106,0.08568033576011658
1.4325,0.03983379527926445,0.00091552734375,0.05129483342170715,0.08562129735946655
1.433,0.03983378782868385,0.0006103515625,0.05164337903261185,0.08667048066854477
1.4335,0.03983357921242714,0.0,0.05128941312432289,0.08584320545196533
1.434,0.03983398899435997,0.00091552734375,0.05123664811253548,0.08666276931762695
1.4345,0.039833664894104004,0.00030517578125,0.05149666592478752,0.08612874150276184
1.435,0.039833612740039825,0.00091552734375,0.05109415203332901,0.08588284254074097
1.4355,0.03983358293771744,0.0006103515625,0.05109082907438278,0.08662236481904984
1.436,0.03983359411358833,0.0006103515625,0.05170291289687157,0.0862107202410698
1.4365,0.03983376547694206,0.00030517578125,0.05099443346261978,0.08558502793312073
1.437,0.03983369842171669,0.0,0.05145211145281792,0.08593188971281052
1.4375,0.03983374685049057,0.0006103515625,0.051284924149513245,0.08577852696180344
1.438,0.039833392947912216,0.00030517578125,0.05102294683456421,0.08524836599826813
1.4385,0.03983362019062042,0.00030517578125,0.051283497363328934,0.08610792458057404
1.439,0.03983336687088013,0.00030517578125,0.05134303867816925,0.0861641988158226
1.4395,0.0398336797952652,0.00091552734375,0.05132026597857475,0.08632075041532516
1.44,0.039833229035139084,-0.00030517578125,0.05099138990044594,0.08512664586305618
1.4405,0.039833735674619675,0.0006103515625,0.05103859677910805,0.0871056541800499
1.441,0.03983385115861893,0.00030517578125,0.0512237474322319,0.08588317781686783
1.4415,0.039833538234233856,0.00030517578125,0.05113857612013817,0.08624037355184555
1.442,0.039833664894104004,0.00091552734375,0.05098704993724823,0.08624064177274704
1.4425,0.03983357176184654,0.00091552734375,0.05138060078024864,0.08552630990743637
1.443,0.03983375430107117,0.0006103515625,0.05128560960292816,0.08605646342039108
1.4435,0.03983340412378311,0.0006103515625,0.050900667905807495,0.08610952645540237
1.444,0.039833493530750275,0.00030517578125,0.05094154551625252,0.08619920909404755
1.4445,0.03983347490429878,0.0006103515625,0.05108917877078056,0.08630027621984482
1.445,0.03983379155397415,0.0006103515625,0.05097820237278938,0.08573770523071289
1.4455,0.03983364626765251,0.0006103515625,0.05105443298816681,0.08559784293174744
1.446,0.03983370587229729,0.00030517578125,0.05102306604385376,0.08602644503116608
1.4465,0.039833661168813705,0.00030517578125,0.05114675313234329,0.08573362231254578
1.447,0.039833493530750275,0.0,0.051377732306718826,0.08585161715745926
1.4475,0.039833519607782364,0.0006103515625,0.05101504921913147,0.08706750720739365
1.448,0.0398334302008152,0.0,0.051208995282649994,0.08590438961982727
1.4485,0.03983350470662117,0.0006103515625,0.05114473029971123,0.08725043386220932
1.449,0.03983364254236221,0.00091552734375,0.05096277967095375,0.08623704314231873
1.4495,0.03983374312520027,0.0006103515625,0.0512070395052433,0.08710213005542755
1.45,0.039833564311265945,0.00030517578125,0.05078253522515297,0.08576607704162598
1.4505,0.03983365371823311,0.00030517578125,0.051504530012607574,0.08572983741760254
1.451,0.039833635091781616,0.0006103515625,0.051365215331315994,0.08557114750146866
1.4515,0.039833538234233856,0.00091552734375,0.050870198756456375,0.08717260509729385
1.452,0.03983350098133087,0.0,0.05137685686349869,0.08678969740867615
1.4525,0.039833568036556244,0.0006103515625,0.0511261485517025,0.08643287420272827
1.453,0.039833713322877884,0.00030517578125,0.05120142549276352,0.08638336509466171
1.4535,0.03983338177204132,0.00030517578125,0.0512712299823761,0.0855678841471672
1.454,0.0398336760699749,0.0006103515625,0.05124322697520256,0.08575128763914108
1.4545,0.03983364254236221,0.0006103515625,0.05123092606663704,0.08524017035961151
1.455,0.039833612740039825,0.0006103515625,0.0514201857149601,0.08616848289966583
1.4555,0.03983340784907341,0.0006103515625,0.050999704748392105,0.08688583225011826
1.456,0.03983365371823311,0.00030517578125,0.05135910585522652,0.08650550991296768
1.4565,0.03983379900455475,0.00030517578125,0.050844114273786545,0.0867452621459961
1.457,0.03983346372842789,0.0006103515625,0.051050469279289246,0.0855129212141037
1.4575,0.03983376920223236,0.0006103515625,0.05111896991729736,0.0861169695854187
1.458,0.039833612740039825,0.00091552734375,0.051192499697208405,0.0853433758020401
1.4585,0.03983354941010475,0.00030517578125,0.051393717527389526,0.08593327552080154
1.459,0.03983357921242714,0.0006103515625,0.05112563073635101,0.08540869504213333
1.4595,0.03983381390571594,0.0006103515625,0.051314905285835266,0.08604199439287186
1.46,0.039833471179008484,0.0006103515625,0.05092208459973335,0.08620397746562958
1.4605,0.039833467453718185,0.00030517578125,0.05102071538567543,0.0863519087433815
1.461,0.03983394056558609,0.00091552734375,0.05112604424357414,0.0864681527018547
1.4615,0.03983340412378311,0.00030517578125,0.05125826224684715,0.08590200543403625
1.462,0.039833515882492065,0.00030517578125,0.051067519932985306,0.08609046787023544
1.4625,0.03983350098133087,0.00030517578125,0.05105959624052048,0.08593197166919708
1.463,0.03983369842171669,0.0006103515625,0.05155711993575096,0.0855836495757103
1.4635,0.03983351215720177,0.0,0.05079187452793121,0.08615685999393463
1.464,0.03983363136649132,0.00030517578125,0.051571015268564224,0.08637356013059616
1.4645,0.03983364254236221,0.00091552734375,0.050994645804166794,0.08578398078680038
1.465,0.03983375057578087,0.0006103515625,0.05103927478194237,0.08637779206037521
1.4655,0.039833590388298035,0.0,0.051222044974565506,0.08626260608434677
1.466,0.03983340784907341,0.00030517578125,0.05125127360224724,0.08579903841018677
1.4665,0.03983355686068535,0.0006103515625,0.051420483738183975,0.08654159307479858
1.467,0.03983324393630028,0.00030517578125,0.05088193342089653,0.08559376746416092
1.4675,0.03983396291732788,0.00091552734375,0.051319196820259094,0.08725804835557938
1.468,0.039833564311265945,0.0006103515625,0.051081642508506775,0.08661092817783356
1.4685,0.03983352705836296,0.0006103515625,0.05092345178127289,0.08612418919801712
1.469,0.03983357548713684,0.0006103515625,0.050850022584199905,0.08625756204128265
1.4695,0.03983360156416893,0.00091552734375,0.051279403269290924,0.08639133721590042
1.47,0.039833828806877136,0.00030517578125,0.05107893422245979,0.08553919196128845
1.4705,0.039833322167396545,0.00091552734375,0.05145787075161934,0.08545047789812088
1.471,0.039833780378103256,0.00091552734375,0.05127182975411415,0.08700211346149445
1.4715,0.0398336797952652,0.0006103515625,0.050927162170410156,0.08656930923461914
1.472,0.03983372449874878,0.00030517578125,0.05122628062963486,0.0864076092839241
1.4725,0.039833471179008484,-0.00030517578125,0.051258329302072525,0.08583962917327881
1.473,0.039833907037973404,0.0006103515625,0.051321424543857574,0.08675219118595123
1.4735,0.03983372822403908,0.0,0.0509517528116703,0.08554399013519287
1.474,0.03983382135629654,0.0006103515625,0.05161523073911667,0.08597466349601746
1.4745,0.039833683520555496,0.0006103515625,0.05135310813784599,0.08659666776657104
1.475,0.03983350843191147,0.00030517578125,0.05095186457037926,0.08626794815063477
1.4755,0.0398336723446846,0.0006103515625,0.051128629595041275,0.08718594163656235
1.476,0.03983352333307266,0.00091552734375,0.05134638398885727,0.08622658997774124
1.4765,0.039833758026361465,0.0006103515625,0.05109934136271477,0.08647442609071732
1.477,0.03983365371823311,0.00030517578125,0.050995126366615295,0.08548302203416824
1.4775,0.03983370214700699,0.0006103515625,0.051237497478723526,0.08613672107458115
1.478,0.0398336760699749,0.001220703125,0.05110611021518707,0.08631730824708939
1.4785,0.03983362764120102,0.0006103515625,0.050883252173662186,0.08705363422632217
1.479,0.03983374685049057,0.0,0.05112193524837494,0.08608239889144897
1.4795,0.03983370214700699,0.0006103515625,0.05131898820400238,0.08621649444103241
1.48,0.039833683520555496,0.0006103515625,0.05101035162806511,0.0866178646683693
1.4805,0.03983350843191147,0.00091552734375,0.051094625145196915,0.08618519455194473
1.481,0.03983389213681221,0.0006103515625,0.05132977291941643,0.08616311103105545
1.4815,0.03983333334326744,0.0006103515625,0.05151674896478653,0.08569910377264023
1.482,0.039833854883909225,0.0006103515625,0.051103029400110245,0.08726666867733002
1.4825,0.039833612740039825,0.00091552734375,0.05101963132619858,0.0870399922132492
1.483,0.039833758026361465,0.0006103515625,0.05153273791074753,0.08648278564214706
1.4835,0.03983350843191147,0.001220703125,0.05114734545350075,0.08621101081371307
1.484,0.03983350098133087,0.00091552734375,0.051241666078567505,0.08650226145982742
1.4845,0.0398339182138443,0.001220703125,0.05146033316850662,0.08637592941522598
1.485,0.039833441376686096,0.00091552734375,0.05109977349638939,0.08566869050264359
1.4855,0.039833370596170425,0.0,0.050834592431783676,0.08692318201065063
1.486,0.03983369097113609,-0.00030517578125,0.05115944519639015,0.0857217013835907
1.4865,0.039833709597587585,0.00030517578125,0.05122167989611626,0.08686856925487518
1.487,0.039833251386880875,0.0006103515625,0.05114702507853508,0.08596482127904892
1.4875,0.039833713322877884,0.0006103515625,0.05119697004556656,0.08679325878620148
1.488,0.039833616465330124,0.0,0.05097436159849167,0.08594031631946564
1.4885,0.03983348608016968,0.001220703125,0.050940822809934616,0.08670484274625778
1.489,0.039833471179008484,0.0,0.05082631856203079,0.08645359426736832
1.4895,0.03983371704816818,0.00030517578125,0.051436688750982285,0.08702434599399567
1.49,0.039833635091781616,0.0006103515625,0.05134090781211853,0.08584953099489212
1.4905,0.03983359783887863,0.00030517578125,0.050867460668087006,0.08615045249462128
1.491,0.03983388841152191,0.00091552734375,0.0511646568775177,0.0869152694940567
1.4915,0.039833590388298035,0.0006103515625,0.05101585015654564,0.08590355515480042
1.492,0.03983352333307266,0.00091552734375,0.05111636221408844,0.08660721778869629
1.4925,0.0398334339261055,0.0,0.05080315098166466,0.0852922722697258
1.493,0.03983381390571594,0.00030517578125,0.051404740661382675,0.08636956661939621
1.4935,0.03983329236507416,0.0006103515625,0.05138157308101654,0.08582501858472824
1.494,0.03983329236507416,0.0006103515625,0.050983306020498276,0.0861346647143364
1.4945,0.039833419024944305,0.00030517578125,0.05132053419947624,0.08637851476669312
1.495,0.039833635091781616,-0.00030517578125,0.05088372156023979,0.08634711802005768
1.4955,0.03983372077345848,0.0,0.050911374390125275,0.08697537332773209
1.496,0.03983338549733162,0.00030517578125,0.05101259425282478,0.08568201959133148
1.4965,0.03983386978507042,0.00030517578125,0.051380302757024765,0.08687827736139297
1.497,0.03983352705836296,0.00030517578125,0.050875768065452576,0.0857279971241951
1.4975,0.03983353450894356,0.00030517578125,0.05088759958744049,0.08676107227802277
1.498,0.03983362019062042,0.00030517578125,0.051114413887262344,0.08644634485244751
1.4985,0.039833832532167435,0.00030517578125,0.05107789486646652,0.08661845326423645
1.499,0.03983352705836296,0.0,0.05104408785700798,0.08644955605268478
1.4995,0.03983360901474953,0.00030517578125,0.05113494023680687,0.08516587316989899
1.5,0.03983377665281296,0.0006103515625,0.05101132392883301,0.08714890480041504
1.5005000000000002,0.039833277463912964,0.0006103515625,0.050742704421281815,0.08609464019536972
1.501,0.039833735674619675,0.00091552734375,0.050950419157743454,0.08708428591489792
1.5015,0.039833538234233856,0.0006103515625,0.05097977817058563,0.08702806383371353
1.5019999999999998,0.03983353450894356,0.0006103515625,0.051003530621528625,0.08667478710412979
1.5025,0.03983369469642639,0.00030517578125,0.05095404013991356,0.08699876070022583
1.5030000000000001,0.03983362391591072,0.00091552734375,0.05088592693209648,0.08659615367650986
1.5034999999999998,0.03983364626765251,0.0006103515625,0.050769735127687454,0.08645913004875183
1.504,0.039833612740039825,0.00091552734375,0.05087510496377945,0.08590465784072876
1.5045000000000002,0.0398339219391346,0.0006103515625,0.05075310170650482,0.08625932037830353
1.505,0.039833735674619675,0.00030517578125,0.05067352578043938,0.08697903901338577
1.5055,0.03983350470662117,0.00030517578125,0.050956062972545624,0.08753745257854462
1.5059999999999998,0.03983376547694206,0.00030517578125,0.05115692690014839,0.08543835580348969
1.5065,0.03983374312520027,0.0006103515625,0.051275014877319336,0.08649880439043045
1.5070000000000001,0.039833564311265945,0.001220703125,0.05078466981649399,0.08546722680330276
1.5074999999999998,0.03983378782868385,0.0006103515625,0.050986919552087784,0.08604832738637924
1.508,0.039833683520555496,0.00091552734375,0.05074696242809296,0.08601376414299011
1.5085000000000002,0.03983350843191147,0.00030517578125,0.05104896426200867,0.0861901342868805
1.509,0.03983384743332863,0.0006103515625,0.05095817148685455,0.08693786710500717
1.5095,0.039833467453718185,0.00030517578125,0.05058663338422775,0.08665631711483002
1.5099999999999998,0.039833828806877136,0.0006103515625,0.051112085580825806,0.08632537722587585
1.5105,0.039833538234233856,0.00030517578125,0.050781089812517166,0.08558209240436554
1.5110000000000001,0.039833515882492065,0.00030517578125,0.05107733979821205,0.08685475587844849
1.5114999999999998,0.039833854883909225,0.00091552734375,0.05105098709464073,0.08604137599468231
1.512,0.039833348244428635,0.00030517578125,0.05059702694416046,0.08650285005569458
1.5125000000000002,0.03983344882726669,0.00030517578125,0.05113419517874718,0.08570326119661331
1.513,0.039833467453718185,0.00030517578125,0.05109259486198425,0.08568698912858963
1.5135,0.03983369097113609,0.0006103515625,0.050975676625967026,0.086675725877285
1.5139999999999998,0.039833396673202515,0.00030517578125,0.05115672945976257,0.08577768504619598
1.5145,0.03983378782868385,0.0,0.05126745626330376,0.0861811563372612
1.5150000000000001,0.0398334339261055,0.0,0.050917793065309525,0.08596733212471008
1.5154999999999998,0.03983356058597565,0.0,0.050795819610357285,0.08583522588014603
1.516,0.0398339107632637,0.0006103515625,0.05040697753429413,0.08577876538038254
1.5165000000000002,0.039833471179008484,0.00030517578125,0.05136173963546753,0.08510443568229675
1.517,0.03983350843191147,0.00030517578125,0.05018318071961403,0.08600077033042908
1.5175,0.03983347490429878,0.0006103515625,0.05064738169312477,0.08585478365421295
1.5179999999999998,0.039833854883909225,0.0006103515625,0.05087462067604065,0.08679767698049545
1.5185,0.03983333706855774,0.0,0.05086429789662361,0.0854642316699028
1.5190000000000001,0.03983359411358833,0.0006103515625,0.05098149552941322,0.08605322986841202
1.5194999999999999,0.039833709597587585,0.00091552734375,0.05037637799978256,0.08545063436031342
1.52,0.03983387351036072,0.0006103515625,0.05102737247943878,0.08670257031917572
1.5205000000000002,0.03983332961797714,0.0006103515625,0.05081535875797272,0.08588551729917526
1.521,0.03983347490429878,0.00030517578125,0.05059780552983284,0.08597851544618607
1.5215,0.039833854883909225,0.0,0.05080853030085564,0.08661697059869766
1.5219999999999998,0.03983346372842789,0.00030517578125,0.05084953084588051,0.0859399065375328
1.5225,0.03983364254236221,0.00030517578125,0.050793036818504333,0.08592700958251953
1.5230000000000001,0.03983346372842789,0.0006103515625,0.05091549828648567,0.08539337664842606
1.5234999999999999,0.039833709597587585,0.00030517578125,0.05059437081217766,0.08604922145605087
1.524,0.0398334339261055,0.00030517578125,0.05062184855341911,0.08650238811969757
1.5245000000000002,0.03983354568481445,0.0,0.05093676224350929,0.08619722723960876
1.525,0.0398336723446846,0.00030517578125,0.05083724483847618,0.08631619065999985
1.5255,0.039833564311265945,0.0006103515625,0.05092340707778931,0.0861193835735321
1.5259999999999998,0.03983372449874878,0.0006103515625,0.050971388816833496,0.08572947233915329
1.5265,0.03983380272984505,0.0006103515625,0.05107872933149338,0.0863446295261383
1.5270000000000001,0.03983372449874878,0.0006103515625,0.050867095589637756,0.08565828204154968
1.5274999999999999,0.03983330354094505,0.00030517578125,0.051127009093761444,0.08480817079544067
1.528,0.03983379527926445,0.00030517578125,0.051056865602731705,0.08684392273426056
1.5285000000000002,0.03983365371823311,0.00030517578125,0.05083958059549332,0.08663427829742432
1.529,0.03983371704816818,0.0006103515625,0.05121532082557678,0.08672942966222763
1.5295,0.039833638817071915,0.0,0.051185738295316696,0.08613795787096024
1.5299999999999998,0.039833907037973404,0.00030517578125,0.05101796239614487,0.08636151999235153
1.5305,0.039833590388298035,0.0,0.050913482904434204,0.0849892646074295
1.5310000000000001,0.03983349725604057,0.00030517578125,0.051214538514614105,0.08627644926309586
1.5314999999999999,0.03983387351036072,0.0006103515625,0.051152538508176804,0.08587192744016647
1.532,0.03983372449874878,0.00030517578125,0.05120884254574776,0.08676117658615112
1.5325000000000002,0.03983363136649132,0.0006103515625,0.051159847527742386,0.08668811619281769
1.533,0.039833467453718185,0.0006103515625,0.05101832002401352,0.08614279329776764
1.5335,0.03983389213681221,0.0006103515625,0.051558155566453934,0.08571521937847137
1.5339999999999998,0.039833541959524155,0.00030517578125,0.05063638463616371,0.08502079546451569
1.5345,0.039833907037973404,0.00030517578125,0.05159614235162735,0.08636195957660675
1.5350000000000001,0.03983356058597565,0.00030517578125,0.05131632834672928,0.08638965338468552
1.5354999999999999,0.03983377292752266,0.00030517578125,0.05125747621059418,0.08621983230113983
1.536,0.039833929389715195,0.00091552734375,0.050771795213222504,0.08675569295883179
1.5365000000000002,0.03983362764120102,0.00091552734375,0.05100467801094055,0.08610682934522629
1.537,0.03983383625745773,0.0006103515625,0.051012877374887466,0.08597023785114288
1.5375,0.039833419024944305,0.0006103515625,0.05106048658490181,0.08508177101612091
1.5379999999999998,0.039833612740039825,0.001220703125,0.0516325943171978,0.08652699738740921
1.5385,0.03983372822403908,0.00030517578125,0.05133531242609024,0.08543218672275543
1.5390000000000001,0.03983376920223236,0.00030517578125,0.05119052156805992,0.08690684288740158
1.5394999999999999,0.039833683520555496,0.00030517578125,0.05127697065472603,0.08513231575489044
1.54,0.03983376547694206,0.00091552734375,0.05170787125825882,0.08690126240253448
1.5405000000000002,0.03983355686068535,0.00091552734375,0.05122292786836624,0.08651091158390045
1.541,0.039833541959524155,0.00030517578125,0.05075088143348694,0.08565312623977661
1.5415,0.03983383998274803,0.0006103515625,0.051534514874219894,0.08627644181251526
1.5419999999999998,0.03983347490429878,0.0006103515625,0.05115026608109474,0.08609286695718765
1.5425,0.03983364999294281,0.0006103515625,0.051150981336832047,0.08660024404525757
1.5430000000000001,0.03983369842171669,0.0006103515625,0.05119198188185692,0.0863494947552681
1.5434999999999999,0.03983387351036072,0.00030517578125,0.05129865184426308,0.08595017343759537
1.544,0.039833687245845795,0.00030517578125,0.050606951117515564,0.08589424192905426
1.5445000000000002,0.03983359783887863,0.00030517578125,0.051347676664590836,0.08586324006319046
1.545,0.039833731949329376,0.00030517578125,0.05107953026890755,0.0861128568649292
1.5455,0.03983351215720177,0.00091552734375,0.05131272226572037,0.08574658632278442
1.5459999999999998,0.03983369469642639,0.0006103515625,0.05126744136214256,0.08534789830446243
1.5465,0.039833616465330124,0.00030517578125,0.051050279289484024,0.08617842197418213
1.5470000000000002,0.03983370214700699,0.00091552734375,0.05114203691482544,0.08684276044368744
1.5474999999999999,0.03983337804675102,0.0006103515625,0.05136129632592201,0.08589503169059753
1.548,0.039833880960941315,0.0006103515625,0.05138310417532921,0.08694276958703995
1.5485000000000002,0.03983352333307266,0.0006103515625,0.05125619098544121,0.08643314242362976
1.549,0.03983354568481445,0.0,0.0510341040790081,0.08589988946914673
1.5495,0.03983383998274803,0.00091552734375,0.050978660583496094,0.08577736467123032
1.5499999999999998,0.039833713322877884,0.00091552734375,0.05097672715783119,0.0859680101275444
1.5505,0.039833761751651764,0.0,0.050929468125104904,0.0861147865653038
1.5510000000000002,0.03983324021100998,0.0,0.05131174996495247,0.08645124733448029
1.5514999999999999,0.03983335196971893,0.00091552734375,0.051431797444820404,0.08635033667087555
1.552,0.03983357548713684,0.0,0.051137275993824005,0.08601493388414383
1.5525000000000002,0.03983360901474953,0.00030517578125,0.05123180150985718,0.08623045682907104
1.553,0.03983350470662117,0.0006103515625,0.0510450080037117,0.08565716445446014
1.5535,0.03983380272984505,0.0006103515625,0.05161747336387634,0.08654260635375977
1.5539999999999998,0.03983363136649132,0.0,0.05115734040737152,0.0862455889582634
1.5545,0.039833568036556244,0.0006103515625,0.05118216946721077,0.08654706925153732
1.5550000000000002,0.039833713322877884,0.00091552734375,0.05132365971803665,0.08741022646427155
1.5554999999999999,0.039833810180425644,0.00030517578125,0.05114307254552841,0.08583690971136093
1.556,0.03983372077345848,0.00030517578125,0.051153331995010376,0.0865178257226944
1.5565000000000002,0.03983375430107117,0.0,0.05097534507513046,0.08569110184907913
1.557,0.03983384743332863,0.00030517578125,0.051603078842163086,0.08673129975795746
1.5575,0.03983344882726669,0.00030517578125,0.05101938545703888,0.08607219904661179
1.5579999999999998,0.039833784103393555,0.00091552734375,0.0512206070125103,0.08710063993930817
1.5585,0.03983379155397415,0.00091552734375,0.05131139978766441,0.08618553727865219
1.5590000000000002,0.03983356058597565,0.00030517578125,0.05125231295824051,0.08764133602380753
1.5594999999999999,0.039833661168813705,0.0,0.051129989326000214,0.08620060980319977
1.56,0.03983376547694206,0.0006103515625,0.05097918584942818,0.08653087913990021
1.5605000000000002,0.03983379527926445,0.00091552734375,0.05134687200188637,0.08675484359264374
1.561,0.039833422750234604,0.00091552734375,0.051029182970523834,0.0855151042342186
1.5615,0.03983397036790848,0.00030517578125,0.05152355879545212,0.08630885928869247
1.5619999999999998,0.03983360528945923,0.001220703125,0.05116656422615051,0.08556811511516571
1.5625,0.039833661168813705,0.0006103515625,0.05116752162575722,0.08751560747623444
1.5630000000000002,0.03983376920223236,0.00030517578125,0.05071021616458893,0.08592502772808075
1.5635,0.039833731949329376,-0.00030517578125,0.051212042570114136,0.08683312684297562
1.564,0.03983346372842789,0.00030517578125,0.051224950700998306,0.08601827919483185
1.5644999999999998,0.039833419024944305,0.0006103515625,0.051177311688661575,0.0858151987195015
1.565,0.03983364999294281,0.0006103515625,0.05184020474553108,0.08588552474975586
1.5655000000000001,0.039833586663007736,0.00030517578125,0.05143026262521744,0.08611992001533508
1.5659999999999998,0.039833709597587585,0.0006103515625,0.05135703831911087,0.08635310083627701
1.5665,0.039833538234233856,0.0006103515625,0.051395248621702194,0.08702737838029861
1.5670000000000002,0.039833515882492065,0.0006103515625,0.051512204110622406,0.08661630749702454
1.5675,0.03983335942029953,0.0006103515625,0.05095430091023445,0.08581919968128204
1.568,0.03983369469642639,0.00030517578125,0.05142443627119064,0.08645956218242645
1.5684999999999998,0.039833564311265945,0.0006103515625,0.05184473842382431,0.08598209172487259
1.569,0.03983364254236221,-0.00030517578125,0.05104576051235199,0.08640722185373306
1.5695000000000001,0.03983365371823311,0.00030517578125,0.05092601478099823,0.08621735125780106
1.5699999999999998,0.039833731949329376,0.00030517578125,0.05118301510810852,0.08643889427185059
1.5705,0.039833806455135345,0.00091552734375,0.05127834528684616,0.08719722181558609
1.5710000000000002,0.03983336687088013,0.00030517578125,0.05120767652988434,0.08579973131418228
1.5715,0.03983364999294281,0.00091552734375,0.051490504294633865,0.08652415126562119
1.572,0.039833590388298035,0.0,0.051438044756650925,0.08569689840078354
1.5724999999999998,0.03983360156416893,0.00030517578125,0.051148418337106705,0.08670421689748764
1.573,0.03983364254236221,0.00030517578125,0.05134841427206993,0.08644319325685501
1.5735000000000001,0.039833664894104004,0.0006103515625,0.05159246176481247,0.0869072750210762
1.5739999999999998,0.03983369097113609,0.0006103515625,0.05131347477436066,0.08599208295345306
1.5745,0.03983373939990997,0.0006103515625,0.05097844824194908,0.08621921390295029
1.5750000000000002,0.039833903312683105,0.00030517578125,0.051228851079940796,0.08610276132822037
1.5755,0.03983357548713684,0.00030517578125,0.05139027535915375,0.08612242341041565
1.576,0.0398336760699749,0.0006103515625,0.05087028443813324,0.08585772663354874
1.5764999999999998,0.03983355313539505,0.0,0.05146164074540138,0.08644062280654907
1.577,0.03983364999294281,0.00091552734375,0.05121254548430443,0.08641529083251953
1.5775000000000001,0.03983340039849281,0.00030517578125,0.05139530077576637,0.08593627065420151
1.5779999999999998,0.0398336760699749,0.00091552734375,0.05088983103632927,0.08656340092420578
1.5785,0.03983360156416893,0.0006103515625,0.0512414313852787,0.08594317734241486
1.5790000000000002,0.03983369842171669,0.00030517578125,0.0514007993042469,0.08635998517274857
1.5795,0.039833538234233856,0.00030517578125,0.051126476377248764,0.08502441644668579
1.58,0.039833515882492065,0.00030517578125,0.05151362344622612,0.0864853486418724
1.5804999999999998,0.03983374685049057,0.00091552734375,0.051428474485874176,0.08670108020305634
1.581,0.03983353078365326,0.0006103515625,0.05088083818554878,0.08653564006090164
1.5815000000000001,0.03983358293771744,0.0006103515625,0.05137727037072182,0.0860578790307045
1.5819999999999999,0.03983360156416893,0.00030517578125,0.05149128660559654,0.0847044587135315
1.5825,0.03983360901474953,0.0006103515625,0.0512097105383873,0.08652010560035706
1.5830000000000002,0.03983334079384804,0.00030517578125,0.05131981149315834,0.0852835476398468
1.5835,0.039833761751651764,0.00030517578125,0.05108797922730446,0.08602644503116608
1.584,0.03983357921242714,0.0006103515625,0.05106842517852783,0.08626087754964828
1.5844999999999998,0.039833568036556244,0.001220703125,0.050892915576696396,0.08592389523983002
1.585,0.03983395919203758,0.00030517578125,0.05127500742673874,0.0864424854516983
1.5855000000000001,0.03983352705836296,0.0006103515625,0.05126521363854408,0.08594726026058197
1.5859999999999999,0.03983348608016968,0.00030517578125,0.05094001069664955,0.08555838465690613
1.5865,0.03983329236507416,0.00030517578125,0.05138091370463371,0.08639930188655853
1.5870000000000002,0.03983388468623161,0.0006103515625,0.05130641907453537,0.08656258136034012
1.5875,0.039833392947912216,0.0,0.05128226429224014,0.08598054945468903
1.588,0.039833445101976395,0.00030517578125,0.051157329231500626,0.08709090948104858
1.5884999999999998,0.039833780378103256,0.00030517578125,0.05124486982822418,0.08669082820415497
1.589,0.03983364999294281,0.0006103515625,0.05140318721532822,0.0870092585682869
1.5895000000000001,0.03983349725604057,0.00030517578125,0.051150523126125336,0.0855080857872963
1.5899999999999999,0.03983321785926819,0.0006103515625,0.051293618977069855,0.08515731245279312
1.5905,0.03983374685049057,0.00091552734375,0.051417507231235504,0.0857953131198883
1.5910000000000002,0.03983362019062042,0.0006103515625,0.05098087340593338,0.0861816555261612
1.5915,0.039833758026361465,0.00030517578125,0.05117272585630417,0.08663594722747803
1.592,0.03983350843191147,0.00030517578125,0.05132642015814781,0.08654563874006271
1.5924999999999998,0.039833489805459976,0.0,0.05085263028740883,0.08658678084611893
1.593,0.03983354941010475,0.00030517578125,0.051154106855392456,0.08637004345655441
1.5935000000000001,0.039833564311265945,0.00030517578125,0.0514519065618515,0.08653991669416428
1.5939999999999999,0.039833713322877884,0.00030517578125,0.05106513947248459,0.08589386940002441
1.5945,0.039833713322877884,0.0,0.05154656991362572,0.08611517399549484
1.5950000000000002,0.039833687245845795,0.0006103515625,0.05109628289937973,0.08597143739461899
1.5955,0.039833519607782364,0.0006103515625,0.051181014627218246,0.08685347437858582
1.596,0.03983373939990997,0.00030517578125,0.05101201683282852,0.08731234073638916
1.5964999999999998,0.03983357176184654,0.00091552734375,0.05132133886218071,0.0860840305685997
1.597,0.03983352705836296,0.00091552734375,0.05120064318180084,0.0868600457906723
1.5975000000000001,0.03983341529965401,0.00091552734375,0.05158669501543045,0.0858892872929573
1.5979999999999999,0.0398336723446846,0.0,0.051027826964855194,0.08638323098421097
1.5985,0.03983352333307266,0.00030517578125,0.05113346502184868,0.08607897907495499
1.5990000000000002,0.039833590388298035,-0.0006103515625,0.05129174888134003,0.08698209375143051
1.5995,0.03983362391591072,0.001220703125,0.05124553665518761,0.08616472780704498
1.6,0.039833761751651764,0.0006103515625,0.05126360058784485,0.08733279258012772
1.6004999999999998,0.0398336723446846,0.001220703125,0.05123904347419739,0.08661928027868271
1.601,0.03983388841152191,0.00030517578125,0.05103457346558571,0.08672891557216644
1.6015000000000001,0.03983371704816818,0.00030517578125,0.05073267221450806,0.08671802282333374
1.6019999999999999,0.03983356058597565,0.0006103515625,0.051023516803979874,0.0855703130364418
1.6025,0.03983350098133087,0.0006103515625,0.051461100578308105,0.0860443040728569
1.6030000000000002,0.03983347490429878,0.0006103515625,0.050852250307798386,0.08600105345249176
1.6035,0.03983376920223236,0.00030517578125,0.05094553902745247,0.08696973323822021
1.604,0.039833709597587585,0.0006103515625,0.051524143666028976,0.08641084283590317
1.6044999999999998,0.03983335942029953,0.00030517578125,0.05085739120841026,0.08629128336906433
1.605,0.03983383998274803,0.00091552734375,0.05117344111204147,0.08743222057819366
1.6055000000000001,0.03983364626765251,0.0006103515625,0.0513777919113636,0.08614244312047958
1.6059999999999999,0.03983364254236221,0.00030517578125,0.05145400017499924,0.08637436479330063
1.6065,0.03983338177204132,0.0006103515625,0.05120242387056351,0.08597522974014282
1.6070000000000002,0.039833635091781616,0.00091552734375,0.051191266626119614,0.08670521527528763
1.6075,0.03983362019062042,0.00030517578125,0.05129189044237137,0.08625078946352005
1.608,0.039833568036556244,0.00030517578125,0.051299162209033966,0.08635635673999786
1.6084999999999998,0.03983388468623161,0.00030517578125,0.0514250211417675,0.08599497377872467
1.609,0.039833810180425644,0.0006103515625,0.051665615290403366,0.08587930351495743
1.6095000000000002,0.039833612740039825,0.0,0.05101003870368004,0.08609285205602646
1.6099999999999999,0.03983369097113609,0.0006103515625,0.051123905926942825,0.08544418215751648
1.6105,0.039833735674619675,0.00091552734375,0.05140434578061104,0.08657285571098328
1.6110000000000002,0.039833515882492065,0.0,0.05125107988715172,0.08657845854759216
1.6115,0.039833616465330124,0.00030517578125,0.051164790987968445,0.08654177933931351
1.612,0.0398336760699749,0.0006103515625,0.05172976851463318,0.08574333041906357
1.6124999999999998,0.03983376547694206,0.00030517578125,0.051581647247076035,0.08595040440559387
1.613,0.03983347490429878,0.00091552734375,0.05123345926403999,0.08554156869649887
1.6135000000000002,0.03983357921242714,0.00091552734375,0.05150114372372627,0.0864914208650589
1.6139999999999999,0.03983356058597565,0.0006103515625,0.05129266902804375,0.086294986307621
1.6145,0.039833538234233856,0.0006103515625,0.051046665757894516,0.08641709387302399
1.6150000000000002,0.03983372449874878,0.00091552734375,0.051328450441360474,0.08670640736818314
1.6155,0.03983340039849281,0.0006103515625,0.05182722210884094,0.08619987964630127
1.616,0.039833489805459976,0.0006103515625,0.05128725245594978,0.08675259351730347
1.6164999999999998,0.03983347862958908,0.0006103515625,0.05152719095349312,0.08538132905960083
1.617,0.03983362019062042,0.00030517578125,0.05120880529284477,0.08633068203926086
1.6175000000000002,0.03983350843191147,0.0006103515625,0.051567211747169495,0.0862354040145874
1.6179999999999999,0.03983338922262192,0.00030517578125,0.051519639790058136,0.08646950870752335
1.6185,0.03983364626765251,0.0,0.05134376883506775,0.08669457584619522
1.6190000000000002,0.039833374321460724,0.00030517578125,0.05157998949289322,0.08636069297790527
1.6195,0.03983372822403908,0.00091552734375,0.05107320845127106,0.0859634056687355
1.62,0.03983349725604057,0.00091552734375,0.051392167806625366,0.0856366753578186
1.6204999999999998,0.03983351215720177,0.00030517578125,0.051368627697229385,0.08551064878702164
1.621,0.0398336760699749,0.0006103515625,0.050992127507925034,0.0862601101398468
1.6215000000000002,0.03983375057578087,0.00030517578125,0.05125729367136955,0.08664680272340775
1.6219999999999999,0.039833635091781616,0.0,0.05109873414039612,0.08565239608287811
1.6225,0.03983347862958908,0.0006103515625,0.05127592012286186,0.08660659939050674
1.6230000000000002,0.039833471179008484,0.0006103515625,0.051118217408657074,0.08604802936315536
1.6235,0.03983340784907341,0.00030517578125,0.051017630845308304,0.08611757308244705
1.624,0.039833590388298035,0.00091552734375,0.05146187171339989,0.08648207038640976
1.6244999999999998,0.03983345627784729,0.00091552734375,0.05112842470407486,0.08575857430696487
1.625,0.039833616465330124,0.0,0.051020245999097824,0.086288221180439
1.6255000000000002,0.03983350843191147,0.0006103515625,0.05116498842835426,0.08643801510334015
1.626,0.03983352333307266,0.00030517578125,0.05104462802410126,0.08701349794864655
1.6265,0.03983338922262192,0.00030517578125,0.05106344446539879,0.0865403339266777
1.6269999999999998,0.03983365744352341,0.0,0.051370538771152496,0.08652489632368088
1.6275,0.03983379900455475,0.0006103515625,0.051124900579452515,0.08632133156061172
1.6280000000000001,0.039833322167396545,0.0,0.05139164254069328,0.08625670522451401
1.6284999999999998,0.03983352705836296,0.0006103515625,0.051044173538684845,0.08627045899629593
1.629,0.03983364999294281,0.0006103515625,0.05123123899102211,0.08673608303070068
1.6295000000000002,0.03983360156416893,0.00030517578125,0.05095131695270538,0.0870409905910492
1.63,0.03983346000313759,0.00030517578125,0.05112763121724129,0.0857483297586441
1.6305,0.03983365371823311,0.00030517578125,0.051309164613485336,0.08700776100158691
1.6309999999999998,0.03983335569500923,0.0006103515625,0.0512787289917469,0.08630574494600296
1.6315,0.03983389213681221,0.00030517578125,0.05082887411117554,0.08705088496208191
1.6320000000000001,0.03983376547694206,0.00091552734375,0.051215145736932755,0.08684974163770676
1.6324999999999998,0.03983348235487938,0.0006103515625,0.051161330193281174,0.0865112692117691
1.633,0.039833858609199524,0.0006103515625,0.05075376108288765,0.08690135180950165
1.6335000000000002,0.039833515882492065,0.0,0.05150211974978447,0.0867302268743515
1.634,0.039833638817071915,0.0006103515625,0.05130895972251892,0.08709916472434998
1.6345,0.03983360528945923,0.00030517578125,0.051458317786455154,0.0858493521809578
1.6349999999999998,0.039833590388298035,0.00030517578125,0.0513652004301548,0.08622780442237854
1.6355,0.039834022521972656,0.0006103515625,0.05142948776483536,0.08529835194349289
1.6360000000000001,0.03983393684029579,0.0006103515625,0.05138310417532921,0.08694995939731598
1.6364999999999998,0.039833541959524155,0.0006103515625,0.0512089729309082,0.086305633187294
1.637,0.03983359783887863,0.00030517578125,0.051207106560468674,0.08658664673566818
1.6375000000000002,0.03983381390571594,0.0006103515625,0.051244478672742844,0.08644066751003265
1.638,0.03983359411358833,0.00030517578125,0.051256489008665085,0.08669010549783707
1.6385,0.0398336797952652,-0.0006103515625,0.05105852335691452,0.08691492676734924
1.6389999999999998,0.039833467453718185,0.00030517578125,0.0510341115295887,0.08594450354576111
1.6395,0.03983382135629654,0.0006103515625,0.051153894513845444,0.08558230847120285
1.6400000000000001,0.03983348235487938,0.00030517578125,0.051237475126981735,0.08649604767560959
1.6404999999999998,0.039833735674619675,-0.00030517578125,0.05075109377503395,0.08749569952487946
1.641,0.03983359411358833,0.0006103515625,0.05135764926671982,0.08632367104291916
1.6415000000000002,0.03983336314558983,0.0,0.05075088143348694,0.08648380637168884
1.642,0.03983379900455475,0.00091552734375,0.05120481178164482,0.08636768907308578
1.6425,0.03983372077345848,0.00030517578125,0.05113193020224571,0.08644144237041473
1.6429999999999998,0.039833616465330124,0.0006103515625,0.05070802569389343,0.0861850157380104
1.6435,0.039833638817071915,0.0006103515625,0.05104099214076996,0.0849280059337616
1.6440000000000001,0.03983379527926445,0.00091552734375,0.0511002317070961,0.08643196523189545
1.6444999999999999,0.0398336686193943,0.00030517578125,0.05059882253408432,0.08648782968521118
1.645,0.039833441376686096,0.00030517578125,0.051065701991319656,0.08691941946744919
1.6455000000000002,0.03983360901474953,0.0006103515625,0.051087088882923126,0.08616366982460022
1.646,0.039833661168813705,0.0006103515625,0.050701797008514404,0.08640898764133453
1.6465,0.03983344882726669,0.00030517578125,0.0513276532292366,0.08561689406633377
1.6469999999999998,0.03983340784907341,0.00030517578125,0.051529839634895325,0.08506646752357483
1.6475,0.0398336797952652,0.00030517578125,0.0509774424135685,0.08628908544778824
1.6480000000000001,0.03983358293771744,0.0006103515625,0.05142887681722641,0.08666370064020157
1.6484999999999999,0.03983371704816818,0.00091552734375,0.0510019026696682,0.08685847371816635
1.649,0.039833538234233856,0.00091552734375,0.05101286247372627,0.08612287044525146
1.6495000000000002,0.03983369469642639,0.00030517578125,0.05096196010708809,0.08598171919584274
1.65,0.039833758026361465,0.00091552734375,0.050908152014017105,0.08531761169433594
1.6505,0.03983376920223236,0.0006103515625,0.05115056410431862,0.08614573627710342
1.6509999999999998,0.039833616465330124,0.00030517578125,0.05098153278231621,0.08593081682920456
1.6515,0.03983348235487938,0.00030517578125,0.0509888119995594,0.08599449694156647
1.6520000000000001,0.039833467453718185,0.0006103515625,0.051083870232105255,0.0864570140838623
1.6524999999999999,0.03983348235487938,0.0006103515625,0.050847772508859634,0.08685631304979324
1.653,0.03983352705836296,0.0,0.05076988786458969,0.08604107052087784
1.6535000000000002,0.0398334339261055,0.00030517578125,0.0508497878909111,0.0856623575091362
1.654,0.0398336723446846,0.00030517578125,0.05124901980161667,0.08570386469364166
1.6545,0.03983353450894356,0.00091552734375,0.05101572722196579,0.08643297106027603
1.6549999999999998,0.039833806455135345,0.00091552734375,0.05097953602671623,0.08685211837291718
1.6555,0.03983370214700699,0.0006103515625,0.05099278315901756,0.08551879227161407
1.6560000000000001,0.03983347862958908,0.0006103515625,0.0511869452893734,0.08598331362009048
1.6564999999999999,0.03983341157436371,0.00030517578125,0.050861652940511703,0.08585437387228012
1.657,0.03983360528945923,0.0006103515625,0.05083034187555313,0.08588355034589767
1.6575000000000002,0.03983382135629654,0.00091552734375,0.05125873163342476,0.08587390184402466
1.658,0.03983352333307266,0.00091552734375,0.051301322877407074,0.08571949601173401
1.6585,0.0398336723446846,0.0006103515625,0.05070928856730461,0.0865185558795929
1.6589999999999998,0.03983369469642639,0.00030517578125,0.051630739122629166,0.08705221116542816
1.6595,0.03983382135629654,0.0,0.05112338066101074,0.08568723499774933
1.6600000000000001,0.03983348235487938,0.0,0.05083872005343437,0.08590220659971237
1.6604999999999999,0.03983362764120102,0.0006103515625,0.05105309933423996,0.08627234399318695
1.661,0.03983393311500549,0.00091552734375,0.05147068575024605,0.08569313585758209
1.6615000000000002,0.03983345627784729,0.0006103515625,0.05085254833102226,0.08610741794109344
1.662,0.03983369097113609,0.0006103515625,0.051076602190732956,0.08647734671831131
1.6625,0.039833761751651764,0.00030517578125,0.05130966380238533,0.08605481684207916
1.6629999999999998,0.03983365744352341,0.0006103515625,0.05132574215531349,0.08620711416006088
1.6635,0.03983357921242714,0.0006103515625,0.0509728267788887,0.08520881086587906
1.6640000000000001,0.03983372449874878,0.0006103515625,0.051545482128858566,0.08591853082180023
1.6644999999999999,0.03983362764120102,0.0006103515625,0.050903115421533585,0.08458813279867172
1.665,0.039833761751651764,0.0006103515625,0.05102516710758209,0.0860142707824707
1.6655000000000002,0.0398336686193943,0.0006103515625,0.051356926560401917,0.08486156165599823
1.666,0.03983377292752266,0.00091552734375,0.051530562341213226,0.08589682728052139
1.6665,0.03983384370803833,0.0006103515625,0.051211997866630554,0.08609991520643234
1.6669999999999998,0.039833538234233856,0.0006103515625,0.05128626525402069,0.08587609231472015
1.6675,0.03983384370803833,0.0006103515625,0.05144212767481804,0.08602286875247955
1.6680000000000001,0.03983372077345848,0.00091552734375,0.05110492184758186,0.08504870533943176
1.6684999999999999,0.03983365744352341,0.0006103515625,0.051575157791376114,0.08602872490882874
1.669,0.039833929389715195,0.00091552734375,0.051633287221193314,0.08569081127643585
1.6695000000000002,0.03983382508158684,0.0006103515625,0.05144543573260307,0.08706634491682053
1.67,0.0398336760699749,0.0006103515625,0.05151249095797539,0.08442661911249161
1.6705,0.039833661168813705,0.0006103515625,0.0512295737862587,0.08448867499828339
1.6709999999999998,0.039833780378103256,0.00091552734375,0.051543157547712326,0.08557849377393723
1.6715,0.03983354568481445,0.0006103515625,0.05134546384215355,0.08548766374588013
1.6720000000000002,0.03983377665281296,0.00091552734375,0.0511019341647625,0.08514206111431122
1.6724999999999999,0.03983362764120102,0.0006103515625,0.05156981945037842,0.08556394279003143
1.673,0.039833709597587585,0.00091552734375,0.051102183759212494,0.08621203154325485
1.6735000000000002,0.039833709597587585,0.0006103515625,0.051464587450027466,0.08557938784360886
1.674,0.039833664894104004,0.0006103515625,0.05163458734750748,0.08556167781352997
1.6745,0.0398336760699749,0.00030517578125,0.05168375372886658,0.08533822745084763
1.6749999999999998,0.03983352705836296,0.00030517578125,0.05185086652636528,0.08540389686822891
1.6755,0.039833568036556244,0.00091552734375,0.05114784091711044,0.08536069095134735
1.6760000000000002,0.0398336686193943,0.0006103515625,0.051468487828969955,0.0856853798031807
1.6764999999999999,0.039833687245845795,0.0,0.050983816385269165,0.08585669100284576
1.677,0.03983376920223236,0.00030517578125,0.05146600678563118,0.08596843481063843
1.6775000000000002,0.0398334339261055,0.00030517578125,0.051627468317747116,0.08580039441585541
1.678,0.03983356058597565,0.00030517578125,0.051835138350725174,0.08546067774295807
1.6785,0.03983373939990997,0.0006103515625,0.05112669616937637,0.08555250614881516
1.6789999999999998,0.039833661168813705,0.00030517578125,0.051495615392923355,0.0852862298488617
1.6795,0.03983372449874878,0.0006103515625,0.05121033266186714,0.08595346659421921
1.6800000000000002,0.03983377292752266,0.0,0.051499318331480026,0.08598954975605011
1.6804999999999999,0.039833590388298035,0.00030517578125,0.051471415907144547,0.08547046780586243
1.681,0.03983359411358833,0.0006103515625,0.05173691734671593,0.08573158085346222
1.6815000000000002,0.03983362764120102,0.00091552734375,0.05180453509092331,0.08570832014083862
1.682,0.03983357548713684,0.0006103515625,0.051279373466968536,0.08545742183923721
1.6825,0.03983369842171669,0.00030517578125,0.051809173077344894,0.08517615497112274
1.6829999999999998,0.03983379527926445,0.0006103515625,0.05173780024051666,0.08616826683282852
1.6835,0.039833661168813705,0.0006103515625,0.05128182843327522,0.08590728044509888
1.6840000000000002,0.039833907037973404,0.001220703125,0.05130726844072342,0.08652298152446747
1.6844999999999999,0.039833687245845795,0.00152587890625,0.05151627957820892,0.08634515106678009
1.685,0.039833683520555496,0.0006103515625,0.05117711424827576,0.08578289300203323
1.6855000000000002,0.03983365744352341,-0.00030517578125,0.05074632540345192,0.08637657761573792
1.686,0.03983344882726669,0.00030517578125,0.0516793429851532,0.08500482887029648
1.6865,0.03983372822403908,0.00030517578125,0.051013704389333725,0.08630375564098358
1.6869999999999998,0.039833277463912964,0.00030517578125,0.051324084401130676,0.0853532925248146
1.6875,0.039833683520555496,-0.00030517578125,0.05143124982714653,0.08567500859498978
1.6880000000000002,0.03983341157436371,0.00030517578125,0.05141858011484146,0.08615359663963318
1.6885,0.039833519607782364,0.0006103515625,0.05153529345989227,0.0862145647406578
1.689,0.0398339107632637,0.0,0.051759056746959686,0.0860786885023117
1.6894999999999998,0.03983385115861893,0.0006103515625,0.05127886310219765,0.08656136691570282
1.69,0.03983331844210625,-0.00030517578125,0.051238927990198135,0.08529293537139893
1.6905000000000001,0.03983364999294281,0.00030517578125,0.05148419365286827,0.08511058241128922
1.6909999999999998,0.03983364999294281,0.00091552734375,0.051351070404052734,0.08694105595350266
1.6915,0.03983373939990997,0.00030517578125,0.0516887828707695,0.0865342989563942
1.6920000000000002,0.039833731949329376,0.00091552734375,0.051348429173231125,0.08589105308055878
1.6925,0.03983360528945923,0.00030517578125,0.05138158053159714,0.08558747917413712
1.693,0.03983382135629654,0.00091552734375,0.05154700577259064,0.0856090560555458
1.6934999999999998,0.03983371704816818,0.0006103515625,0.05177399143576622,0.08528219908475876
1.694,0.03983359411358833,0.0,0.0515347383916378,0.08574778586626053
1.6945000000000001,0.03983360901474953,0.0006103515625,0.05137120187282562,0.08640532940626144
1.6949999999999998,0.03983370214700699,0.00030517578125,0.05195658653974533,0.08633965998888016
1.6955,0.039833735674619675,0.00091552734375,0.05140918120741844,0.0862806886434555
1.6960000000000002,0.03983363136649132,0.0006103515625,0.05184803903102875,0.08583121001720428
1.6965,0.039833709597587585,0.0006103515625,0.05154432728886604,0.08623559027910233
1.697,0.03983345627784729,0.0006103515625,0.05187011510133743,0.08431895822286606
1.6974999999999998,0.03983365371823311,0.00030517578125,0.051956240087747574,0.08550799638032913
1.698,0.03983338549733162,0.00091552734375,0.05179864913225174,0.0858832523226738
1.6985000000000001,0.0398336797952652,0.00030517578125,0.051745496690273285,0.08631351590156555
1.6989999999999998,0.039833683520555496,0.0006103515625,0.05139537155628204,0.08621115982532501
1.6995,0.03983363136649132,0.0006103515625,0.051809776574373245,0.08575647324323654
1.7000000000000002,0.0398336797952652,0.00091552734375,0.05143320560455322,0.08647981286048889
1.7005,0.03983341157436371,0.00030517578125,0.0514114685356617,0.0857740193605423
1.701,0.03983346000313759,0.0006103515625,0.05150948837399483,0.0854368656873703
1.7014999999999998,0.039833858609199524,0.0,0.05197694152593613,0.08595915883779526
1.702,0.03983387351036072,0.00030517578125,0.05147448927164078,0.08592566102743149
1.7025000000000001,0.03983380272984505,0.0006103515625,0.051382213830947876,0.08630181849002838
1.7029999999999998,0.03983375057578087,0.0006103515625,0.051681794226169586,0.08689633011817932
1.7035,0.039833493530750275,0.00030517578125,0.051544882357120514,0.08596283942461014
1.7040000000000002,0.03983357548713684,0.00091552734375,0.05157514289021492,0.08590305596590042
1.7045,0.0398336797952652,0.00091552734375,0.05147697404026985,0.08527723699808121
1.705,0.039833683520555496,0.0,0.05182339623570442,0.0853375792503357
1.7054999999999998,0.039833519607782364,-0.00030517578125,0.05142546445131302,0.08647726476192474
1.706,0.039833687245845795,0.00091552734375,0.05194003880023956,0.08613751828670502
1.7065000000000001,0.03983355686068535,0.001220703125,0.05158819630742073,0.08642388135194778
1.7069999999999999,0.03983345627784729,0.00030517578125,0.051591645926237106,0.0854727029800415
1.7075,0.03983372449874878,0.00091552734375,0.05188122019171715,0.08657870441675186
1.7080000000000002,0.03983351215720177,0.00030517578125,0.051559798419475555,0.08563601970672607
1.7085,0.03983344882726669,0.0,0.05225636810064316,0.08571327477693558
1.709,0.039833568036556244,0.00030517578125,0.05169514939188957,0.08513952046632767
1.7094999999999998,0.03983386978507042,0.0006103515625,0.051759399473667145,0.08700577914714813
1.71,0.03983355313539505,0.0006103515625,0.05151158571243286,0.08582175523042679
1.7105000000000001,0.03982720896601677,0.0006103515625,0.05202534794807434,0.08614923059940338
1.7109999999999999,0.03983764350414276,0.0,0.05174577608704567,0.08625910431146622
1.7115,0.03981860354542732,0.0006103515625,0.05207158252596855,0.08613428473472595
1.7120000000000002,0.03985222801566124,0.00030517578125,0.05123819038271904,0.08592934161424637
1.7125,0.03979569673538208,0.0006103515625,0.052520088851451874,0.08650622516870499
1.713,0.03988637030124664,0.001220703125,0.050961289554834366,0.085289865732193
1.7134999999999998,0.039743948727846146,0.00091552734375,0.053273241966962814,0.08809714764356613
1.714,0.039974045008420944,0.00030517578125,0.04942017421126366,0.08303588628768921
1.7145000000000001,0.03955308720469475,0.00030517578125,0.056248098611831665,0.09278678148984909
