Time [s],Lmtc [m],STIM [ ],Fsee [N],Gamma [ ],Lcerel [ ],q [ ],fisomrel [ ],fce [N]
0.0,0.019520111312323084,1.0,6.342983042369937,0.18423727940894205,1.1098645042496436,0.5031072390031535,0.9517191628239202,6.332523085067648
0.0005,0.01951465676686854,1.0,6.21801896803117,0.19127801025063007,1.1096479731502302,0.5326900702087881,0.9519092879361856,6.207659755177854
0.001,0.019509202221413995,1.0,6.2044834169064975,0.19825797344148224,1.1092932418138923,0.560606584035425,0.9522199491752402,6.194288194775776
0.0015,0.019503747675959447,1.0,6.266799032833128,0.20517769373390743,1.108844001792326,0.5868714006444253,0.9526119330953285,6.256809614655078
0.002,0.019498293130504902,1.0,6.380866017983107,0.21203769074458992,1.108331296530535,0.6115194644272721,0.9530573207680532,6.3711089141225195
0.0025,0.019492838585050357,1.0,6.528818261610334,0.21883848027617356,1.10777854627849,0.634602734671158,0.9535351398483816,6.519308555255203
0.003,0.019487384039595813,1.0,6.698606365081379,0.2255805729649434,1.1072015748624824,0.6561833573607353,0.9540312893880143,6.6893515083058475
0.0035,0.019481929494141265,1.0,6.881061741196261,0.23226447592279176,1.1066121635155284,0.6763319422063957,0.954535386362153,6.872063654615455
0.004,0.01947647494868672,1.0,7.070181159773825,0.2388906905869904,1.1060178240208591,0.6951231054962009,0.9550408839595286,7.0614383325979055
0.0045000000000000005,0.019471020403232175,1.0,7.261044941830206,0.24545971599183597,1.105424430295582,0.7126347437270514,0.9555427579874078,7.252553303720992
0.005,0.01946556585777763,1.0,7.450692137146288,0.25197204468762485,1.1048353188341926,0.7289446347336231,0.9560382236997327,7.4424462536911475
0.0055,0.019460111312323083,1.0,7.636751752735094,0.25842816592709156,1.1042529954529317,0.744130112781283,0.956525251756364,7.628745245763297
0.006,0.019454656766868538,1.0,7.8174804976069865,0.2648285666173084,1.103679152615786,0.7582666256562424,0.9570025332514902,7.809706431764301
0.006500000000000001,0.019449202221413994,1.0,7.992011779448837,0.2711737255481093,1.1031144511704776,0.7714265401491145,0.9574696398392448,7.984463109354163
0.007,0.01944374767595945,1.0,8.159617306742984,0.27746411886164724,1.1025593861072804,0.7836791689287301,0.9579262892851911,8.152286954780372
0.0075,0.0194382931305049,1.0,8.319789964531592,0.28370022297974634,1.102014208684876,0.7950902305659057,0.9583724049055942,8.31267092325735
0.008,0.019432838585050356,1.0,8.472414140635541,0.2898825049133746,1.101478758112533,0.8057214475553794,0.9588082466077521,8.465499631725987
0.0085,0.01942738403959581,1.0,8.617517206737954,0.29601142666967395,1.1009527435923026,0.8156306549711414,0.9592341742447472,8.610800723012078
0.009000000000000001,0.019421929494141267,1.0,8.755151136914897,0.30208744810513605,1.1004358730376647,0.8248718754125236,0.9596505416286484,8.748626433611692
0.0095,0.01941647494868672,1.0,8.885470272051338,0.3081110275373182,1.0999277705232111,0.8334953253694724,0.9600577627130419,8.879131388325707
0.01,0.019411020403232174,1.0,9.0087276257974,0.3140826260703112,1.0994279815788923,0.8415475500716476,0.9604563059165898,9.002568902416924
0.0105,0.01940556585777763,1.0,9.125192346327868,0.3200026848342109,1.0989360589688448,0.8490716057353542,0.960846624942853,9.119208411437242
0.011,0.019400111312323085,1.0,9.235154674119478,0.3258716449591134,1.0984515554572052,0.8561072667738224,0.9612291649122274,9.229340432084783
0.0115,0.019394656766868537,1.0,9.338924175260347,0.3316899475751147,1.0979740238081095,0.8626912200534147,0.961604362635392,9.333274795868709
0.012,0.019389202221413993,1.0,9.436778170413247,0.33745802086556886,1.0975030673160382,0.8688572767032128,0.9619726074558566,9.431289061334967
0.0125,0.019383747675959448,1.0,9.528842494072006,0.3431762409888777,1.0970384571512055,0.8746365883058919,0.9623341513348546,9.523509235778295
0.013000000000000001,0.019378293130504903,1.0,9.615949461710048,0.34884517090535644,1.0965792667004883,0.8800576727797855,0.9626897809743837,9.610768030816939
0.0135,0.019372838585050355,1.0,9.698290359248373,0.35446521405000453,1.0961252314225503,0.8851469042858467,0.9630397595358446,9.693256895590478
0.014,0.01936738403959581,1.0,9.776065245354022,0.36003677385782146,1.0956760867760553,0.8899285319129682,0.9633843456768829,9.771176046130897
0.0145,0.019361929494141266,1.0,9.849482264648131,0.36556025376380674,1.0952315682196672,0.894424849879024,0.9637237936576916,9.844733778708807
0.015,0.01935647494868672,1.0,9.918756997087584,0.37103605720295973,1.0947914112120494,0.8986563569234797,0.9640583534417126,9.914145819345983
0.0155,0.019351020403232173,1.0,9.984111843515256,0.37646458761027995,1.0943553512118656,0.9026419046991884,0.964388270790742,9.979634709489206
0.016,0.01934556585777763,1.0,10.045775447383653,0.3818462484207669,1.09392312367778,0.9063988352732008,0.9647137873544338,10.041429227850253
0.0165,0.019340111312323084,1.0,10.103982152650023,0.38718144306942004,1.0934944640684559,0.909943108055831,0.9650351407542088,10.09976384841005
0.017,0.01933465676686854,1.0,10.158971497839557,0.3924705749912388,1.093069107842557,0.9132894166165733,0.965352564661562,10.154878234583654
0.0175,0.01932920222141399,1.0,10.210987746283465,0.39771404762122264,1.0926467904587474,0.9164512959324476,0.9656662888707719,10.207016769552835
0.018000000000000002,0.019323747675959447,1.0,10.26027945252775,0.40291226439437106,1.0922272473756904,0.9194412206626262,0.9659765393660128,10.25642812276208
0.0185,0.019318293130504902,1.0,10.30709906490916,0.4080656287456835,1.0918102140520503,0.9222706950633206,0.9662835383828668,10.303364852574484
0.019,0.019312838585050358,1.0,10.351562457359433,0.41317451301994285,1.0913955613881163,0.9249503596896314,0.9665874054342043,10.347942900989667
0.0195,0.01930738403959581,1.0,10.393805205518582,0.4182393207287207,1.0909831432644588,0.9274900506227868,0.9668882705668759,10.390297913902193
0.02,0.019301929494141265,1.0,10.433943693980858,0.42326042361736177,1.090572834006037,0.9298988451877156,0.9671862469604595,10.430546338057596
0.0205,0.01929647494868672,1.0,10.472089398777728,0.42823819065828994,1.090164514311551,0.9321851370263444,0.9674814414358485,10.468799707682466
0.021,0.019291020403232176,1.0,10.50835534010708,0.4331729908239294,1.0897580648797007,0.9343566927067668,0.9677739591562058,10.505171099015223
0.021500000000000002,0.019285565857777628,1.0,10.542855963329373,0.43806519308670416,1.0893533664091866,0.9364207037447883,0.9680639036453826,10.539775011326206
0.022,0.019280111312323083,1.0,10.575707027323684,0.4429151664190382,1.0889502995987081,0.9383838340343512,0.9683513768052002,10.572727255296185
0.0225,0.01927465676686854,1.0,10.60702550019251,0.44772327979335574,1.0885487451469658,0.9402522630952467,0.9686364789315909,10.604144848742132
0.023,0.019269202221413994,1.0,10.636881504332456,0.452489864535721,1.0881486294878306,0.9420317219345281,0.9689192764776686,10.63409795070382
0.0235,0.019263747675959446,1.0,10.665408245129942,0.45721532103912266,1.087749819705505,0.9437275454200172,0.9691998765666054,10.662719815952865
0.024,0.0192582931305049,1.0,10.692703540774644,0.4619000239013646,1.0873522175230461,0.9453446894330227,0.9694783603752257,10.69010830175542
0.0245,0.019252838585050357,1.0,10.718821638232859,0.466544310539618,1.0869557667845047,0.9468877593935238,0.9697547784916754,10.716317682869397
0.025,0.019247384039595812,1.0,10.743817285144946,0.4711485183710539,1.0865604113339313,0.9483610421038923,0.9700291807588024,10.741402733758093
0.025500000000000002,0.019241929494141264,1.0,10.767745697217926,0.4757129848128436,1.0861660950153769,0.9497685306968137,0.9703016162792042,10.765418695989347
0.026000000000000002,0.01923647494868672,1.0,10.790662527251463,0.4802380472821581,1.085772761672892,0.9511139474459894,0.970572133420021,10.788421247267742
0.0265,0.019231020403232175,1.0,10.812623835789548,0.4847240431961686,1.0853803551505279,0.9524007646336774,0.970840779817479,10.810466472092209
0.027,0.01922556585777763,1.0,10.833686063407592,0.4891713099720463,1.0849888192923347,0.9536322236511554,0.9711076023811795,10.831610834048687
0.0275,0.019220111312323082,1.0,10.853906004623704,0.4935801850269622,1.0845980979423637,0.9548113524918286,0.971372647298137,10.851911149726652
0.028,0.019214656766868538,1.0,10.87334078344489,0.4979510057780876,1.0842081349446655,0.9559409817817939,0.971635960036564,10.871424564270226
0.0285,0.019209202221413993,1.0,10.89204783053943,0.5022841096425936,1.0838188741432908,0.9570237594791365,0.9718975853494047,10.890208528555164
0.029,0.01920374767595945,1.0,10.910035277133671,0.5065797539663204,1.0834303060732546,0.9580621522712478,0.9721575361140922,10.908271184146988
0.029500000000000002,0.019198293130504904,1.0,10.927383313208624,0.5108383669700773,1.0830423535719556,0.9590585021717603,0.9724158700529213,10.925692743891172
0.03,0.019192838585050356,1.0,10.944120135122809,0.5150602600117699,1.082654988664646,0.9600149836655223,0.972672611395389,10.942501416728165
0.0305,0.01918738403959581,1.0,10.960269523789497,0.519245735256707,1.0822681876622533,0.9609336352272574,0.9729277811950731,10.958720994922283
0.031,0.019181929494141266,1.0,10.97585538517255,0.5233950948701982,1.0818819268757045,0.9618163705025953,0.9731814002044872,10.974375395397132
0.0315,0.019176474948686722,1.0,10.990901743526708,0.5275086410175525,1.0814961826159268,0.9626649870984095,0.973433488876126,10.989488652977254
0.032,0.019171020403232174,1.0,11.005432734929466,0.5315866758640793,1.0811109311938472,0.9634811746826497,0.973684067363468,11.00408491392131
0.0325,0.01916556585777763,1.0,11.019472601101223,0.5356295015750876,1.0807261489203925,0.9642665224527764,0.9739331555219304,11.018188429743466
0.033,0.019160111312323085,1.0,11.033045683514732,0.539637420315887,1.0803418121064903,0.9650225260265035,0.9741807729097817,11.031823551324031
0.0335,0.01915465676686854,1.0,11.046176417797623,0.5436107342517864,1.0799578970630672,0.9657505938036743,0.9744269387890078,11.045014723313106
0.034,0.019149202221413992,1.0,11.058889328421692,0.5475497455480953,1.0795743801010507,0.9664520528436815,0.974671672126134,11.05778647882094
0.0345,0.019143747675959447,1.0,11.071209023685778,0.5514547563701228,1.0791912375313675,0.9671281542988347,0.9749149915930021,11.070163434401822
0.035,0.019138293130504903,1.0,11.083160190984392,0.555326068883178,1.0788084456649447,0.9677800784404716,0.9751569155675018,11.08217028532365
0.035500000000000004,0.019132838585050358,1.0,11.094756250900959,0.5591639368532858,1.0784259914029841,0.9684089322595524,0.9753974554898363,11.093820458184734
0.036000000000000004,0.01912738403959581,1.0,11.106013414145599,0.5629686733137921,1.078043859086986,0.9690157713538659,0.9756366242352427,11.105130169844974
0.0365,0.019121929494141265,1.0,11.116955812451458,0.5667406173151276,1.0776620257166838,0.969601596468022,0.9758744390463245,11.116123558900954
0.037,0.01911647494868672,1.0,11.127593872403736,0.5704800364042999,1.0772804811291854,0.9701673435124665,0.9761109089457665,11.126811056795193
0.0375,0.019111020403232176,1.0,11.137938054673779,0.5741871981283163,1.0768992151615988,0.9707138980434059,0.9763460428301205,11.137203128892422
0.038,0.019105565857777628,1.0,11.14799885252834,0.5778623700341841,1.0765182176510322,0.9712420984111241,0.9765798494700371,11.147310272989142
0.0385,0.019100111312323084,1.0,11.157786790393738,0.5815058196689106,1.076137478434593,0.9717527386864215,0.9768123375104876,11.157143017878067
0.039,0.01909465676686854,1.0,11.167312422469859,0.5851178145795031,1.0757569873493893,0.9722465713824432,0.9770435154709779,11.166711921962413
0.0395,0.019089202221413994,1.0,11.176586331402605,0.5886986223129691,1.075376734232529,0.9727243099876939,0.9772733917457547,11.176027571928609
0.04,0.019083747675959446,1.0,11.185619127005161,0.5922485104163159,1.0749967089211205,0.9731866313247167,0.9775019746040029,11.18510058146782
0.0405,0.0190782931305049,1.0,11.194421445037232,0.5957677464365507,1.074616901252271,0.9736341777477118,0.9777292721900354,11.193941590055429
0.041,0.019072838585050357,1.0,11.20300394603204,0.5992565979206811,1.074237301063089,0.9740675591912599,0.9779552925234731,11.202561261778277
0.0415,0.019067384039595812,1.0,11.211377314181835,0.6027153324157142,1.0738578981906823,0.9744873550813326,0.9781800434994192,11.21097028422039
0.042,0.019061929494141264,1.0,11.219552256275218,0.6061442174686574,1.0734786824721585,0.9748941161188357,0.9784035328886228,11.219179367400525
0.0425,0.01905647494868672,1.0,11.22753928400654,0.609543518401743,1.0730996439457527,0.9752883656849023,0.9786257682200167,11.227199026064836
0.043000000000000003,0.019051020403232175,1.0,11.235338264319894,0.6129134202711496,1.0727207825458844,0.9756705927622695,0.9788467511436567,11.235029129257708
0.043500000000000004,0.01904556585777763,1.0,11.242964435719573,0.6162542838728853,1.072342083953053,0.9760412829246756,0.9790664915573177,11.242684918668441
0.044,0.019040111312323083,1.0,11.250422717644769,0.6195663452875608,1.0719635434399213,0.9764008842676528,0.9792849936622823,11.250171316001262
0.0445,0.019034656766868538,1.0,11.257718040249106,0.6228498405957869,1.071585156279151,0.9767498237414444,0.9795022616019582,11.2574932535996
0.045,0.019029202221413993,1.0,11.26485534401889,0.626105005878174,1.0712069177434043,0.9770885083204288,0.9797182994619362,11.264655674064427
0.0455,0.01902374767595945,1.0,11.271839579404695,0.6293320772153331,1.0708288231053433,0.9774173260991851,0.9799331112700479,11.271663529885906
0.046,0.0190182931305049,1.0,11.278675706464238,0.6325312906878748,1.07045086763763,0.9777366473203158,0.9801467009964205,11.278521783086347
0.0465,0.019012838585050356,1.0,11.285368694516313,0.6357028823764097,1.070073046612927,0.9780468253387545,0.9803590725535303,11.28523540487421
0.047,0.01900738403959581,1.0,11.291923521806256,0.6388470883615486,1.0696953553038957,0.9783481975269265,0.980570229796255,11.291809375309628
0.0475,0.019001929494141267,1.0,11.29834517518373,0.6419641447239021,1.0693177889831988,0.9786410861248039,0.9807801765219228,11.298248682982265
0.048,0.01899647494868672,1.0,11.304638649790801,0.6450542875440809,1.0689403429234983,0.97892579903859,0.9809889164703618,11.304558324699457
0.0485,0.018991020403232174,1.0,11.310808948763833,0.6481177529026957,1.0685630123974563,0.9792026305914938,0.981196453323945,11.310743305188156
0.049,0.01898556585777763,1.0,11.316861082943145,0.6511547768803573,1.068185792677735,0.9794718622297978,0.9814027907076358,11.316808636804659
0.0495,0.018980111312323085,1.0,11.322800070599015,0.6541655955576762,1.0678086790369963,0.9797337631871894,0.9816079321890305,11.322759339260656
0.05,0.018974656766868537,1.0,11.32862784525436,0.6571503971060428,1.0674316696050654,0.9799885867807626,0.9818118797370932,11.328597347374016
0.0505,0.018969202221413992,1.0,11.334349278381252,0.6601094443790544,1.0670547598010607,0.9802365824039327,0.9820146367520882,11.334327533939739
0.051000000000000004,0.018963747675959448,1.0,11.339969034368277,0.6630429864190893,1.066677945241455,0.9804779875691375,0.9822162064735102,11.339954564593784
0.051500000000000004,0.018958293130504903,1.0,11.345489529452282,0.6659512315411471,1.0663012236243266,0.9807130262557648,0.9824165909836682,11.345480856723423
0.052000000000000005,0.018952838585050355,1.0,11.350913183656951,0.6688343880602275,1.0659245926477547,0.9809419131657835,0.9826157923369104,11.350908831466429
0.0525,0.01894738403959581,1.0,11.356242420686177,0.6716926642913301,1.065548050009818,0.9811648541779003,0.9828138125596416,11.356240913604458
0.053,0.018941929494141266,1.0,11.361479667815784,0.6745262685494547,1.0651715934085952,0.981382046776404,0.983010653650339,11.361479531454806
0.0535,0.01893647494868672,1.0,11.366627355790042,0.6773354091496009,1.0647952205421654,0.98159368045627,0.9832063175795687,11.366627355790042
0.054,0.018931020403232173,1.0,11.37168791872056,0.6801202944067684,1.0644189291086072,0.981799937106,0.9834008062900009,11.37168791872056
0.0545,0.01892556585777763,1.0,11.376663793990065,0.6828811326359566,1.0640427168059994,0.9820009913695602,0.9835941216964262,11.376663793990065
0.055,0.018920111312323084,1.0,11.381557422153177,0.6856181321521655,1.063666581332421,0.9821970109886986,0.9837862656857689,11.381557422153177
0.0555,0.01891465676686854,1.0,11.386371246847341,0.6883315012703946,1.0632905203859508,0.9823881571268301,0.9839772401171022,11.386371246847341
0.056,0.01890920222141399,1.0,11.391107714699716,0.6910214483056435,1.0629145316646675,0.9825745846755989,0.9841670468216622,11.391107714699716
0.0565,0.018903747675959447,1.0,11.395769275242815,0.6936881815729119,1.0625386128666499,0.982756442545159,0.9843556876028612,11.395769275242815
0.057,0.018898293130504902,1.0,11.400358071349297,0.6963318975251004,1.062162761975057,0.9829338730456526,0.9845431640945296,11.400358071349297
0.0575,0.018892838585050357,1.0,11.404874901240296,0.6989527627767601,1.0617869782137452,0.9831070109120619,0.9847294772928566,11.404874901240296
0.058,0.01888738403959581,1.0,11.409322982247625,0.7015510426351977,1.0614112585803075,0.9832759930875822,0.9849146292783304,11.409322982247625
0.0585,0.018881929494141265,1.0,11.413703703769292,0.7041269209153357,1.0610356017581288,0.9834409454053785,0.9850986212720924,11.413703703769292
0.059000000000000004,0.01887647494868672,1.0,11.418018456921729,0.706680581432096,1.060660006430594,0.9836019890495519,0.9852814544793612,11.418018456921729
0.059500000000000004,0.018871020403232176,1.0,11.422268634497367,0.7092122080004009,1.0602844712810875,0.9837592407598336,0.985463130089439,11.422268634497367
0.06,0.01886556585777763,1.0,11.426455630923495,0.7117219844351724,1.0599089949929938,0.9839128130260018,0.9856436492757178,11.426455630923495
0.0605,0.018860111312323083,1.0,11.430580842220726,0.7142100945513329,1.0595335762496978,0.9840628142726009,0.9858230131956857,11.430580842220726
0.061,0.01885465676686854,1.0,11.434645665964926,0.7166767221638045,1.0591582137345843,0.984209349034503,0.986001222990933,11.434645665964926
0.0615,0.018849202221413994,1.0,11.43865150124761,0.7191220510875094,1.0587829061310376,0.984352518123826,0.9861782797871584,11.43865150124761
0.062,0.01884374767595945,1.0,11.442599748638004,0.7215462651373697,1.0584076521224428,0.9844924187886801,0.9863541846941748,11.442599748638004
0.0625,0.0188382931305049,1.0,11.4464918101461,0.7239495481283077,1.0580324503921843,0.9846291448641981,0.9865289388059146,11.4464918101461
0.063,0.018832838585050356,1.0,11.450329089188077,0.7263320838752456,1.0576572996236466,0.9847627869162642,0.9867025432004362,11.450329089188077
0.0635,0.018827384039595812,1.0,11.454112990548579,0.7286940561931053,1.0572821985002148,0.9848934323783431,0.986874998939928,11.454112990548579
0.064,0.018821929494141267,1.0,11.457844920348936,0.7310356488968094,1.0569071457052732,0.9850211656817784,0.9870463070707152,11.457844920348936
0.0645,0.01881647494868672,1.0,11.461525029036675,0.7333569654545504,1.056532141076995,0.9851460633235057,0.9872164681010029,11.461525029036675
0.065,0.018811020403232175,1.0,11.465155441863372,0.7356582640245565,1.0561571826400158,0.985268208919824,0.9873854833517436,11.465155441863372
0.0655,0.01880556585777763,1.0,11.468737481507814,0.7379397420368232,1.055782269157629,0.985387679480222,0.9875533537905034,11.468737481507814
0.066,0.018800111312323085,1.0,11.472271927944231,0.740201559006728,1.0554073998925453,0.9855045471266749,0.9877200801485903,11.472271927944231
0.0665,0.018794656766868537,1.0,11.475759561948697,0.7424438744496478,1.0550325741074746,0.9856188816086021,0.9878856631484213,11.475759561948697
0.067,0.018789202221413993,1.0,11.479201165081918,0.7446668478809599,1.0546577910651276,0.9857307503968438,0.9880501035035234,11.479201165081918
0.0675,0.018783747675959448,1.0,11.482597519672526,0.7468706388160415,1.0542830500282143,0.9858402187733936,0.9882134019185376,11.482597519672526
0.068,0.018778293130504903,1.0,11.485949408801597,0.7490554067702698,1.0539083502594448,0.9859473499171076,0.98837555908922,11.485949408801597
0.0685,0.018772838585050355,1.0,11.489257616285604,0.7512213112590219,1.0535336910215298,0.9860522049855858,0.9885365757024455,11.489257616285604
0.069,0.01876738403959581,1.0,11.492522926662907,0.7533685117976751,1.0531590715771793,0.9861548431934226,0.9886964524362093,11.492522926662907
0.0695,0.018761929494141266,1.0,11.495746125176128,0.7554971679016065,1.0527844911891033,0.9862553218870094,0.9888551899596298,11.495746125176128
0.07,0.01875647494868672,1.0,11.498927997758658,0.7576074390861932,1.0524099491200123,0.9863536966160542,0.9890127889329509,11.498927997758658
0.07050000000000001,0.018751020403232174,1.0,11.502069331018518,0.7596994848668127,1.0520354446326166,0.986450021201987,0.9891692500075436,11.502069331018518
0.07100000000000001,0.01874556585777763,1.0,11.505170912225942,0.7617734647588419,1.0516609769896266,0.9865443478033986,0.9893245738259091,11.505170912225942
0.07150000000000001,0.018740111312323084,1.0,11.508233529297792,0.7638295382776581,1.051286545453752,0.9866367269786613,0.9894787610216809,11.508233529297792
0.07200000000000001,0.01873465676686854,1.0,11.511257970783515,0.7658678649386386,1.0509121492877036,0.9867272077458658,0.9896318122196264,11.511257970783515
0.0725,0.01872920222141399,1.0,11.514245025851402,0.7678886042571602,1.0505377877541915,0.986815837640206,0.9897837280356492,11.514245025851402
0.073,0.018723747675959447,1.0,11.517195452696964,0.7698919120577152,1.0501634601448688,0.9869026625722691,0.9899345090651767,11.517195452696964
0.0735,0.018718293130504902,1.0,11.52010910999742,0.7718778603894728,1.0497891665762034,0.9869877226701576,0.9900841555665882,11.52010910999742
0.074,0.018712838585050358,1.0,11.522987389107543,0.7738467114576267,1.0494149057604518,0.9870710668573897,0.9902326683547427,11.522987389107543
0.0745,0.01870738403959581,1.0,11.525830729636889,0.7757986021065321,1.0490406772826,0.9871527360772369,0.9903800478866556,11.525830729636889
0.075,0.018701929494141265,1.0,11.52863957158248,0.7777336691805439,1.0486664807276338,0.9872327700840282,0.9905262946143474,11.52863957158248
0.0755,0.01869647494868672,1.0,11.531414355321111,0.7796520495240171,1.048292315680539,0.9873112074853684,0.9906714089848446,11.531414355321111
0.076,0.018691020403232176,1.0,11.534155521603223,0.781553879981307,1.0479181817263017,0.987388085782652,0.9908153914401805,11.534155521603223
0.0765,0.018685565857777628,1.0,11.536863511545517,0.7834392973967684,1.0475440784499075,0.987463441409952,0.9909582424173962,11.536863511545517
0.077,0.018680111312323083,1.0,11.539538766625117,0.7853084386147564,1.0471700054363426,0.9875373097713587,0.9910999623485416,11.539538766625117
0.0775,0.01867465676686854,1.0,11.542181728672645,0.7871614404796261,1.0467959622705927,0.9876097252768364,0.991240551660677,11.542181728672645
0.078,0.018669202221413994,1.0,11.544792839865899,0.7889984398357325,1.0464219485376434,0.987680721376664,0.9913800107758736,11.544792839865899
0.0785,0.018663747675959446,1.0,11.54737254272234,0.7908195735274306,1.0460479638224809,0.987750330594525,0.991518340111214,11.54737254272234
0.079,0.0186582931305049,1.0,11.549921280095523,0.7926249783990755,1.045674007710091,0.9878185845593033,0.9916555400787942,11.549921280095523
0.0795,0.018652838585050357,1.0,11.552439495165705,0.7944147912950221,1.0453000797854597,0.9878855140356465,0.9917916110857239,11.552439495165705
0.08,0.018647384039595812,1.0,11.554927631436456,0.7961891490596257,1.0449261796335725,0.9879511489533463,0.991926553534128,11.554927631436456
0.0805,0.018641929494141264,1.0,11.557386132726453,0.7979481885372411,1.0445523068394156,0.9880155184355899,0.9920603678211463,11.557386132726453
0.081,0.01863647494868672,1.0,11.559815443165913,0.7996920465722234,1.0441784609879745,0.9880786508261311,0.992193054338936,11.559815443165913
0.0815,0.018631020403232175,1.0,11.56221600718804,0.8014208600089276,1.0438046416642355,0.9881405737154294,0.9923246134746717,11.56221600718804
0.082,0.01862556585777763,1.0,11.564588102365414,0.8031347346187809,1.0434308486060693,0.9882013125300094,0.9924550455574268,11.564588102365414
0.0825,0.018620111312323082,1.0,11.566931971616114,0.8048337932437758,1.0430570815832438,0.9882608928223148,0.9925843509021355,11.566931971616114
0.083,0.018614656766868538,1.0,11.569248200548648,0.8065182215639296,1.0426833400523563,0.9883193423433357,0.9927125299278997,11.569248200548648
0.0835,0.018609202221413993,1.0,11.571537051814701,0.8081881369746798,1.0423096237656018,0.9883766850310828,0.9928395829472529,11.571537051814701
0.084,0.01860374767595945,1.0,11.573798788272777,0.8098436568714641,1.0419359324751758,0.988432944211097,0.99296551026975,11.573798788272777
0.0845,0.0185982931305049,1.0,11.576033672985101,0.8114848986497198,1.041562265933273,0.9884881426160604,0.9930903122019675,11.576033672985101
0.085,0.018592838585050356,1.0,11.578241969214444,0.8131119797048849,1.041188623892089,0.9885423024046984,0.9932139890475041,11.578241969214444
0.0855,0.01858738403959581,1.0,11.580423940419804,0.8147250174323967,1.0408150061038193,0.9885954451800039,0.9933365411069808,11.580423940419804
0.08600000000000001,0.018581929494141267,1.0,11.582579850255211,0.8163241292276928,1.0404414123206585,0.9886475920068104,0.9934579686780419,11.582579850255211
0.08650000000000001,0.01857647494868672,1.0,11.584709962564714,0.8179094324862108,1.040067842294802,0.9886987634287421,0.9935782720553555,11.584709962564714
0.08700000000000001,0.018571020403232174,1.0,11.586814541381125,0.8194810446033884,1.0396942957784452,0.9887489794845635,0.9936974515306133,11.586814541381125
0.08750000000000001,0.01856556585777763,1.0,11.588893850921568,0.821039082974663,1.039320772523783,0.9887982597239544,0.9938155073925317,11.588893850921568
0.088,0.018560111312323085,1.0,11.590948155584742,0.8225836649954722,1.0389472722830109,0.988846623222732,0.9939324399268521,11.590948155584742
0.0885,0.01855465676686854,1.0,11.592977719948612,0.8241149080612538,1.038573794808324,0.9888940885975444,0.9940482494163413,11.592977719948612
0.089,0.018549202221413992,1.0,11.594982808766686,0.8256329295674452,1.0382003398519177,0.9889406740200517,0.994162936140792,11.594982808766686
0.0895,0.018543747675959447,1.0,11.596963686966557,0.8271378469094839,1.037826907165987,0.9889863972306211,0.9942765003770232,11.596963686966557
0.09,0.018538293130504903,1.0,11.59892061964469,0.8286297774828075,1.0374534965027271,0.98903127555155,0.9943889423988809,11.59892061964469
0.0905,0.018532838585050358,1.0,11.600853872065922,0.8301088386828538,1.0370801076143332,0.9890753258998364,0.9945002624772379,11.600853872065922
0.091,0.01852738403959581,1.0,11.602763539142755,0.8315750992880195,1.0367067404086978,0.9891185627931457,0.9946104608342738,11.602763539142755
0.0915,0.018521929494141266,1.0,11.60464992282603,0.8330287114205933,1.036333394604781,0.9891610038369697,0.9947195377459731,11.60464992282603
0.092,0.01851647494868672,1.0,11.606513275599992,0.8344698043305504,1.0359600699668594,0.9892026652996975,0.9948274934719143,11.606513275599992
0.0925,0.018511020403232176,1.0,11.608353762455287,0.8358984787285758,1.0355867663392202,0.9892435619215103,0.994934328246071,11.608353762455287
0.093,0.01850556585777763,1.0,11.610171548506088,0.8373148353253549,1.0352134835661497,0.9892837081094853,0.995040042300546,11.610171548506088
0.0935,0.018500111312323084,1.0,11.61196679898763,0.8387189748315729,1.0348402214919352,0.9893231179473251,0.9951446358655716,11.61196679898763
0.094,0.01849465676686854,1.0,11.613739679254282,0.8401109979579149,1.0344669799608632,0.9893618052047709,0.9952481091695098,11.613739679254282
0.0945,0.018489202221413994,1.0,11.615490354778924,0.8414910054150663,1.0340937588172205,0.9893997833467124,0.9953504624388528,11.615490354778924
0.095,0.018483747675959446,1.0,11.61721899114974,0.8428590979137122,1.033720557905294,0.9894370655420043,0.9954516958982229,11.61721899114974
0.0955,0.018478293130504902,1.0,11.618925754070535,0.8442153761645378,1.0333473770693704,0.9894736646720026,0.9955518097703729,11.618925754070535
0.096,0.018472838585050357,1.0,11.62061080935729,0.8455599408782285,1.0329742161537367,0.989509593338827,0.9956508042761866,11.62061080935729
0.0965,0.018467384039595813,1.0,11.62227432293773,0.8468928927654693,1.0326010750026795,0.9895448638733639,0.9957486796346786,11.62227432293773
0.097,0.018461929494141265,1.0,11.623916460848674,0.8482143325369456,1.032227953460486,0.9895794883430153,0.995845436062995,11.623916460848674
0.0975,0.01845647494868672,1.0,11.625537389236674,0.8495243609033424,1.0318548513714423,0.9896134785592052,0.9959410737764133,11.625537389236674
0.098,0.018451020403232175,1.0,11.627137274353185,0.8508230785753452,1.0314817685798356,0.9896468460846511,0.9960355929883427,11.627137274353185
0.0985,0.01844556585777763,1.0,11.62871628255522,0.852110586263639,1.031108704929953,0.9896796022404108,0.9961289939103245,11.62871628255522
0.099,0.018440111312323083,1.0,11.630274580303409,0.8533869846789092,1.0307356602660809,0.9897117581127073,0.9962212767520322,11.630274580303409
0.0995,0.018434656766868538,1.0,11.631812334160983,0.8546523745318408,1.030362634432506,0.9897433245595473,0.996312441721272,11.631812334160983
0.1,0.018429202221413993,1.0,11.63332957256594,0.8559067972362762,1.029989627399562,0.9897743099787791,0.9964024889937417,11.63332957256594
0.1005,0.01842374767595945,1.0,11.634826558178405,0.8571504194676196,1.0296166389240673,0.9898047273019781,0.9964914187953657,11.634826558178405
0.101,0.0184182931305049,1.0,11.636303401892157,0.8583833290085597,1.02924366890133,0.9898345862536748,0.9965792313167575,11.636303401892157
0.1015,0.018412838585050356,1.0,11.637760211868798,0.8596056122563392,1.0288707172292246,0.9898638963114439,0.9966659267466806,11.637760211868798
0.10200000000000001,0.01840738403959581,1.0,11.63919709634948,0.8608173556082009,1.0284977838056253,0.9898926667637045,0.9967515052726713,11.63919709634948
0.10250000000000001,0.018401929494141267,1.0,11.640614163655362,0.8620186454613875,1.0281248685284066,0.9899209067148246,0.9968359670810394,11.640614163655362
0.10300000000000001,0.01839647494868672,1.0,11.642011522185484,0.8632095682131417,1.0277519712954428,0.9899486250900701,0.9969193123568677,11.642011522185484
0.10350000000000001,0.018391020403232174,1.0,11.643389280417757,0.8643902102607063,1.0273790920046084,0.9899758306404128,0.9970015412840127,11.643389280417757
0.10400000000000001,0.01838556585777763,1.0,11.64474754690554,0.8655606580013241,1.0270062305537777,0.9900025319471993,0.9970826540451048,11.64474754690554
0.1045,0.018380111312323085,1.0,11.646086430278139,0.8667209978322377,1.026633386840825,0.9900287374266834,0.9971626508215479,11.646086430278139
0.105,0.018374656766868537,1.0,11.647406039239334,0.8678713161506899,1.0262605607636253,0.99005445533443,0.9972415317935198,11.647406039239334
0.1055,0.018369202221413992,1.0,11.64870648256775,0.8690116993539235,1.0258877522200522,0.9900796937695907,0.9973192971399727,11.64870648256775
0.106,0.018363747675959448,1.0,11.649987869113986,0.8701422338391813,1.0255149611079806,0.990104460679061,0.997395947038633,11.649987869113986
0.1065,0.018358293130504903,1.0,11.65125030780085,0.8712630060037059,1.0251421873252846,0.9901287638615159,0.9974714816660012,11.65125030780085
0.107,0.018352838585050355,1.0,11.652493907621931,0.8723741022447401,1.0247694307698387,0.9901526109713338,0.9975459011973526,11.652493907621931
0.1075,0.01834738403959581,1.0,11.653718777641332,0.8734756089595266,1.0243966913395175,0.9901760095224093,0.9976192058067372,11.653718777641332
0.108,0.018341929494141266,1.0,11.654925026992114,0.8745676125453082,1.0240239689321953,0.9901989668918596,0.9976913956669796,11.654925026992114
0.1085,0.01833647494868672,1.0,11.656112722269754,0.8756501703483178,1.0236512634845607,0.9902214892972194,0.9977624709423355,11.656112722269754
0.109,0.018331020403232173,1.0,11.657281926963444,0.8767233448490178,1.0232785749361855,0.9902435830217432,0.9978324317957616,11.657281926963444
0.1095,0.01832556585777763,1.0,11.658432829504598,0.8777872901840961,1.022905903112883,0.9902652574500019,0.9979012784103328,11.658432829504598
0.11,0.018320111312323084,1.0,11.659565500377997,0.8788420790774262,1.0225332479479743,0.9902865189638398,0.9979690109476604,11.659565500377997
0.1105,0.01831465676686854,1.0,11.6606800101258,0.8798877842528818,1.0221606093747801,0.9903073738318963,0.9980356295685536,11.6606800101258
0.111,0.01830920222141399,1.0,11.661776429347084,0.8809244784343367,1.0217879873266216,0.990327828212452,0.99810113443302,11.661776429347084
0.1115,0.018303747675959447,1.0,11.662854828697018,0.8819522343456647,1.02141538173682,0.990347888156201,0.9981655257002652,11.662854828697018
0.112,0.018298293130504902,1.0,11.663915278887082,0.8829711247107395,1.0210427925386956,0.990367559608949,0.9982288035286937,11.663915278887082
0.1125,0.018292838585050358,1.0,11.664957850682672,0.8839812222534347,1.02067021966557,0.9903868484142409,0.9982909680759083,11.664957850682672
0.113,0.01828738403959581,1.0,11.665982614904228,0.8849825996976239,1.0202976630507639,0.9904057603159192,0.9983520194987107,11.665982614904228
0.1135,0.018281929494141265,1.0,11.66698964242668,0.8859753297671812,1.0199251226275985,0.9904243009606178,0.9984119579531007,11.66698964242668
0.114,0.01827647494868672,1.0,11.667979004178093,0.88695948518598,1.0195525983293945,0.9904424759001885,0.9984707835942774,11.667979004178093
0.1145,0.018271020403232176,1.0,11.668950771138613,0.8879351386778941,1.0191800900894732,0.9904602905940668,0.9985284965766388,11.668950771138613
0.115,0.018265565857777628,1.0,11.669905014341579,0.8889023629667971,1.0188075978411553,0.9904777504115755,0.9985850970537815,11.669905014341579
0.1155,0.018260111312323083,1.0,11.670841804871817,0.889861230776563,1.018435121517762,0.9904948606341708,0.9986405851785014,11.670841804871817
0.116,0.01825465676686854,1.0,11.671761213865468,0.8908118148310653,1.0180626610526142,0.9905116264576302,0.9986949611027935,11.671761213865468
0.1165,0.018249202221413994,1.0,11.672663312508805,0.8917541878541777,1.017690216379033,0.9905280529941841,0.998748224977852,11.672663312508805
0.117,0.018243747675959446,1.0,11.673548172038712,0.8926884225697741,1.017317787430339,0.9905441452745962,0.9988003769540704,11.673548172038712
0.11750000000000001,0.0182382931305049,1.0,11.674415863741633,0.893614591701728,1.0169453741398535,0.9905599082501876,0.9988514171810415,11.674415863741633
0.11800000000000001,0.018232838585050357,1.0,11.675266458952631,0.8945327679739131,1.0165729764408975,0.9905753467948132,0.9989013458075578,11.675266458952631
0.11850000000000001,0.018227384039595812,1.0,11.67610002905551,0.8954430241102034,1.016200594266792,0.9905904657067883,0.9989501629816111,11.67610002905551
0.11900000000000001,0.018221929494141267,1.0,11.676916645482013,0.8963454328344723,1.0158282275508579,0.9906052697107649,0.9989978688503931,11.676916645482013
0.11950000000000001,0.01821647494868672,1.0,11.677716331400102,0.8972399977111756,1.015455876270387,0.9906197611691954,0.999044463554858,11.677716331400102
0.12,0.018211020403232175,1.0,11.678499187040002,0.8981268628439131,1.0150835403325713,0.9906339470407395,0.9990899472441428,11.678499187040002
0.1205,0.01820556585777763,1.0,11.679265264514475,0.8990060976704355,1.0147112196884405,0.990647831731363,0.9991343200611138,11.679265264514475
0.121,0.018200111312323086,1.0,11.680014610259825,0.89987776260182,1.0143389142942294,0.9906614192847222,0.999177582147451,11.680014610259825
0.1215,0.018194656766868537,1.0,11.680747270754782,0.9007419180491434,1.0139666241061727,0.9906747136833574,0.9992197336443075,11.680747270754782
0.122,0.018189202221413993,1.0,11.681463292520684,0.901598624423483,1.0135943490805048,0.9906877188501354,0.9992607746923096,11.681463292520684
0.1225,0.018183747675959448,1.0,11.682162722119703,0.9024479421359158,1.013222089173461,0.9907004386496591,0.9993007054315562,11.682162722119703
0.123,0.018178293130504904,1.0,11.682845606155404,0.9032899315975189,1.0128498443412755,0.9907128768896422,0.99933952600162,11.682845606155404
0.1235,0.018172838585050356,1.0,11.683511991272285,0.9041246532193694,1.0124776145401833,0.9907250373222548,0.9993772365415464,11.683511991272285
0.124,0.01816738403959581,1.0,11.684161924155955,0.9049521674125443,1.012105399726419,0.9907369236454354,0.9994138371898544,11.684161924155955
0.1245,0.018161929494141266,1.0,11.684795451531876,0.9057725345881206,1.0117331998562176,0.990748539504174,0.9994493280845362,11.684795451531876
0.125,0.018156474948686722,1.0,11.68541262016516,0.9065858151571755,1.0113610148858134,0.9907598884917652,0.9994837093630573,11.68541262016516
0.1255,0.018151020403232174,1.0,11.686013476860625,0.907392069530786,1.0109888447714415,0.9907709741510331,0.9995169811623567,11.686013476860625
0.126,0.01814556585777763,1.0,11.68659806846284,0.9081913581200292,1.0106166894693365,0.9907817999755285,0.9995491436188467,11.68659806846284
0.1265,0.018140111312323084,1.0,11.687166441854764,0.9089837413359821,1.010244548935733,0.9907923694106979,0.9995801968684135,11.687166441854764
0.127,0.01813465676686854,1.0,11.687718643958036,0.9097692795897219,1.0098724231268659,0.9908026858550273,0.9996101410464165,11.687718643958036
0.1275,0.018129202221413992,1.0,11.688254721732148,0.9105480332923256,1.0095003119989698,0.9908127526611595,0.9996389762876889,11.688254721732148
0.128,0.018123747675959447,1.0,11.6887747221754,0.9113200628548703,1.0091282155082797,0.9908225731369874,0.9996667027265376,11.6887747221754
0.1285,0.018118293130504903,1.0,11.68927869232301,0.912085428688433,1.00875613361103,0.990832150546721,0.9996933204967432,11.68927869232301
0.129,0.018112838585050358,1.0,11.68976667924743,0.9128441912040908,1.0083840662634556,0.9908414881119323,0.9997188297315599,11.68976667924743
0.1295,0.01810738403959581,1.0,11.69023873005776,0.9135964108129209,1.0080120134217914,0.990850589012577,0.9997432305637162,11.69023873005776
0.13,0.018101929494141265,1.0,11.690694885704398,0.9143421147266959,1.0076399750479084,0.9908594553358027,0.9997665231250693,11.690694885704398
0.1305,0.01809647494868672,1.0,11.691135191498589,0.915081371644214,1.0072679510997429,0.9908680904491377,0.999788707547247,11.691135191498589
0.131,0.018091020403232176,1.0,11.691559687389665,0.9158142700884059,1.006895941540141,0.990876498305861,0.9998097839610999,11.691559687389665
0.1315,0.018085565857777628,1.0,11.691968405062564,0.9165408602422176,1.0065239463394984,0.9908846816065263,0.9998297524966374,11.691968405062564
0.132,0.018080111312323083,1.0,11.692361376237422,0.9172611922885952,1.00615196546821,0.9908926430170021,0.9998486132835118,11.692361376237422
0.1325,0.01807465676686854,1.0,11.69273863266728,0.9179753164104847,1.0057799988966716,0.9909003851692568,0.9998663664510179,11.69273863266728
0.133,0.018069202221413994,1.0,11.693100206140324,0.9186832827908322,1.0054080465952777,0.9909079106621314,0.9998830121280933,11.693100206140324
0.1335,0.018063747675959446,1.0,11.693446128476817,0.9193851416125838,1.0050361085344242,0.9909152220620933,0.999898550443318,11.693446128476817
0.134,0.0180582931305049,1.0,11.693776431531731,0.9200809430586856,1.0046641846845064,0.9909223219039764,0.9999129815249153,11.693776431531731
0.1345,0.018052838585050357,1.0,11.694091147193111,0.9207707373120836,1.0042922750159191,0.9909292126917049,0.9999263055007509,11.694091147193111
0.135,0.018047384039595812,1.0,11.694390307381198,0.9214545745557239,1.0039203794990579,0.9909358968990034,0.9999385224983335,11.694390307381198
0.1355,0.018041929494141264,1.0,11.694673944049256,0.9221325049725526,1.0035484981043181,0.9909423769700915,0.9999496326448146,11.694673944049256
0.136,0.01803647494868672,1.0,11.694942089183877,0.9228045787455158,1.003176630802095,0.990948655320365,0.9999596360669887,11.694942089183877
0.1365,0.018031020403232175,1.0,11.695194774803069,0.9234708460575595,1.002804777562784,0.9909547343370636,0.9999685328912932,11.695194774803069
0.137,0.01802556585777763,1.0,11.695432032957351,0.9241313570916297,1.00243293835678,0.9909606163799236,0.9999763232438085,11.695432032957351
0.1375,0.018020111312323082,1.0,11.695653895728615,0.9247861620306727,1.0020611131544788,0.9909663037818202,0.9999830072502578,11.695653895728615
0.138,0.018014656766868538,1.0,11.695860395231747,0.9254353110576343,1.0016893019262751,0.9909717988493947,0.9999885850360075,11.695860395231747
0.1385,0.018009202221413993,1.0,11.696051563611668,0.9260788543554609,1.0013175046425649,0.9909771038636702,0.9999930567260673,11.696051563611668
0.139,0.01800374767595945,1.0,11.696227433045598,0.9267168421070983,1.0009457212737427,0.9909822210806543,0.9999964224450896,11.696227433045598
0.1395,0.0179982931305049,1.0,11.696388035740505,0.9273493244954927,1.0005739517902044,0.9909871527319322,0.9999986823173701,11.696388035740505
0.14,0.017992838585050356,1.0,11.696533403935877,0.92797635170359,1.000202196162345,0.9909919010252443,0.9999998364668478,11.696533403935877
0.1405,0.01798738403959581,1.0,11.696663647376154,0.9285979682607802,0.9998304542901021,0.9909964679684531,0.999999885017009,11.696663647376154
0.14100000000000001,0.017981929494141267,1.0,11.696779117300874,0.9292141839482116,0.9994587258538219,0.99100085447164,0.9999988280891947,11.696779117300874
0.14150000000000001,0.01797647494868672,1.0,11.696878833093804,0.9298251010565199,0.9990870117450921,0.9910050643138392,0.9999966658097856,11.696878833093804
0.14200000000000002,0.017971020403232174,1.0,11.696962792390272,0.9304307612722335,0.9987153119658801,0.9910090993530759,0.9999933983066199,11.696962792390272
0.14250000000000002,0.01796556585777763,1.0,11.697030992857412,0.9310312062818804,0.9983436265181533,0.9910129614274125,0.9999890257075545,11.697030992857412
0.14300000000000002,0.017960111312323085,1.0,11.69708343219379,0.9316264777719894,0.9979719554038791,0.9910166523553953,0.9999835481404645,11.69708343219379
0.14350000000000002,0.017954656766868537,1.0,11.697120108130191,0.9322166174290885,0.9976002986250245,0.991020173936495,0.9999769657332438,11.697120108130191
0.14400000000000002,0.017949202221413992,1.0,11.697141018429514,0.9328016669397061,0.997228656183557,0.9910235279515391,0.9999692786138042,11.697141018429514
0.1445,0.017943747675959448,1.0,11.69714616088574,0.9333816679903707,0.9968570280814442,0.9910267161631346,0.9999604869100767,11.69714616088574
0.145,0.017938293130504903,1.0,11.697135533325635,0.9339566622676104,0.9964854143206529,0.9910297403160849,0.9999505907500101,11.697135533325635
0.1455,0.017932838585050355,1.0,11.697109133606691,0.9345266914579539,0.9961138149031507,0.991032602137799,0.9999395902615721,11.697109133606691
0.146,0.01792738403959581,1.0,11.697066959619605,0.9350917972479292,0.9957422298309049,0.9910353033386925,0.9999274855727487,11.697066959619605
0.1465,0.017921929494141266,1.0,11.697009009286347,0.9356520213240649,0.9953706591058828,0.9910378456125815,0.9999142768115442,11.697009009286347
0.147,0.01791647494868672,1.0,11.696935280560565,0.9362074053728892,0.9949991027300519,0.9910402306370714,0.9998999641059817,11.696935280560565
0.1475,0.017911020403232177,1.0,11.696845771428373,0.9367579910809304,0.9946275607053792,0.991042460073935,0.9998845475841025,11.696845771428373
0.148,0.01790556585777763,1.0,11.696740479907465,0.937303820134717,0.9942560330338321,0.9910445355694887,0.9998680273739663,11.696740479907465
0.1485,0.017900111312323084,1.0,11.696619404047903,0.9378449342207772,0.9938845197173781,0.9910464587549581,0.9998504036036514,11.696619404047903
0.149,0.01789465676686854,1.0,11.696482541931484,0.9383813750256393,0.9935130207579845,0.9910482312468386,0.9998316764012546,11.696482541931484
0.1495,0.017889202221413995,1.0,11.696329891672018,0.9389131842358319,0.9931415361576185,0.9910498546472511,0.999811845894891,11.696329891672018
0.15,0.017883747675959447,1.0,11.696161451415202,0.9394404035378832,0.9927700659182473,0.9910513305442887,0.999790912212694,11.696161451415202
0.1505,0.017878293130504902,1.0,11.695977219339294,0.9399630746183214,0.9923986100418386,0.9910526605123599,0.9997688754828159,11.695977219339294
0.151,0.017872838585050357,1.0,11.69577719365422,0.9404812391636751,0.9920271685303593,0.9910538461125246,0.9997457358334269,11.69577719365422
0.1515,0.017867384039595813,1.0,11.695561403069595,0.940994885522849,0.9916557413580678,0.9910548872836477,0.9997214933908661,11.695561403069595
0.152,0.017861929494141265,1.0,11.695329935927646,0.9415040986392454,0.9912843284450152,0.9910557868643161,0.9996961482773825,11.695329935927646
0.1525,0.01785647494868672,1.0,11.695082812011808,0.9420089386251705,0.990912929773633,0.9910565469320366,0.9996697006188043,11.695082812011808
0.153,0.017851020403232176,1.0,11.694820046968577,0.9425094393536657,0.9905415453301418,0.9910571687614071,0.999642150541033,11.694820046968577
0.1535,0.01784556585777763,1.0,11.69454165647555,0.9430056346977727,0.9901701751007623,0.9910576536158519,0.9996134981698013,11.69454165647555
0.154,0.017840111312323083,1.0,11.69424765624097,0.943497558530533,0.989798819071715,0.9910580027478753,0.9995837436306736,11.69424765624097
0.1545,0.017834656766868538,1.0,11.693938062003852,0.9439852447249883,0.9894274772292204,0.9910582173993148,0.9995528870490454,11.693938062003852
0.155,0.017829202221413994,1.0,11.693612889533382,0.9444687271541802,0.9890561495594994,0.9910582988015864,0.9995209285501439,11.693612889533382
0.1555,0.01782374767595945,1.0,11.693272154629069,0.9449480396911502,0.9886848360487724,0.9910582481759286,0.9994878682590274,11.693272154629069
0.156,0.0178182931305049,1.0,11.692915873120517,0.94542321620894,0.98831353668326,0.9910580667336426,0.9994537063005859,11.692915873120517
0.1565,0.017812838585050356,1.0,11.692544060867968,0.9458942905805912,0.987942251449183,0.9910577556763267,0.9994184427995411,11.692544060867968
0.157,0.017807384039595812,1.0,11.692156733761038,0.9463612966791453,0.9875709803327619,0.9910573161961093,0.9993820778804456,11.692156733761038
0.1575,0.017801929494141267,1.0,11.691753907719916,0.9468242683776439,0.9871997233202172,0.9910567494758772,0.9993446116676841,11.691753907719916
0.158,0.01779647494868672,1.0,11.691335598693698,0.9472832395491287,0.9868284803977697,0.9910560566895006,0.9993060442854722,11.691335598693698
0.1585,0.017791020403232174,1.0,11.69090182266237,0.9477382440666413,0.9864572515516399,0.9910552390020546,0.9992663758578577,11.69090182266237
0.159,0.01778556585777763,1.0,11.690452595634763,0.9481893158032233,0.9860860367680484,0.9910542975700373,0.9992256065087196,11.690452595634763
0.1595,0.017780111312323085,1.0,11.689987933649224,0.9486364886319162,0.9857148360332159,0.9910532335415846,0.9991837363617684,11.689987933649224
0.16,0.017774656766868537,1.0,11.689507852773646,0.9490797964257616,0.9853436493333628,0.9910520480566817,0.9991407655405462,11.689507852773646
0.1605,0.017769202221413993,1.0,11.689012369105768,0.9495192730578011,0.98497247665471,0.9910507422473718,0.9990966941684271,11.689012369105768
0.161,0.017763747675959448,1.0,11.688501498771636,0.9499549524010764,0.9846013179834779,0.9910493172379609,0.9990515223686162,11.688501498771636
0.1615,0.017758293130504903,1.0,11.687975257927063,0.9503868683286291,0.9842301733058872,0.9910477741452203,0.9990052502641505,11.687975257927063
0.162,0.017752838585050355,1.0,11.687433662756238,0.9508150547135007,0.9838590426081586,0.9910461140785856,0.998957877977899,11.687433662756238
0.1625,0.01774738403959581,1.0,11.686876729473303,0.9512395454287328,0.9834879258765126,0.9910443381403522,0.9989094056325618,11.686876729473303
0.163,0.017741929494141266,1.0,11.68630447432045,0.951660374347367,0.9831168230971696,0.9910424474258694,0.998859833350671,11.68630447432045
0.1635,0.01773647494868672,1.0,11.68571691356845,0.9520775753424451,0.9827457342563507,0.9910404430237311,0.9988091612545901,11.68571691356845
0.164,0.017731020403232173,1.0,11.685114063517233,0.9524911822870084,0.9823746593402761,0.9910383260159615,0.9987573894665147,11.685114063517233
0.1645,0.01772556585777763,1.0,11.684495968471532,0.9529011701814818,0.9820035983097111,0.9910360957207633,0.9987045181048071,11.684495968471532
0.165,0.017720111312323084,1.0,11.683862620629391,0.9533076371878286,0.9816325511728562,0.9910337551270346,0.998650547294329,11.683862620629391
0.1655,0.01771465676686854,1.0,11.683214030876814,0.9537106126326885,0.9812615179209359,0.9910313051626329,0.9985954771574904,11.683214030876814
0.166,0.01770920222141399,1.0,11.682550210989627,0.9541101236172287,0.9808904985443901,0.9910287466832645,0.9985393078164722,11.682550210989627
0.1665,0.017703747675959447,1.0,11.681871172773633,0.9545061972426161,0.9805194930336589,0.991026080539065,0.9984820393933374,11.681871172773633
0.167,0.017698293130504902,1.0,11.68117692806232,0.9548988606100179,0.9801485013791822,0.9910233075747402,0.9984236720100307,11.68117692806232
0.1675,0.017692838585050358,1.0,11.68046748871811,0.955288140820601,0.9797775235713999,0.9910204286297055,0.9983642057883788,11.68046748871811
0.168,0.01768738403959581,1.0,11.679742866631495,0.9556740649755325,0.979406559600752,0.9910174445382214,0.9983036408500905,11.679742866631495
0.1685,0.017681929494141265,1.0,11.679003073722283,0.9560566601759795,0.9790356094576783,0.991014356129529,0.998241977316756,11.679003073722283
0.169,0.01767647494868672,1.0,11.678248121937441,0.956435953523109,0.978664673132619,0.991011164227984,0.998179215309848,11.678248121937441
0.1695,0.017671020403232176,1.0,11.677478023253103,0.9568119721180879,0.9782937506160138,0.9910078696531865,0.9981153549507208,11.677478023253103
0.17,0.017665565857777628,1.0,11.676692789672952,0.9571847430620835,0.9779228418983026,0.9910044732201131,0.9980503963606107,11.676692789672952
0.1705,0.017660111312323083,1.0,11.675892433229446,0.9575542934562628,0.9775519469699255,0.9910009757392421,0.9979843396606358,11.675892433229446
0.171,0.01765465676686854,1.0,11.675076965982578,0.9579206504017926,0.9771810658213225,0.9909973780166828,0.9979171849717967,11.675076965982578
0.1715,0.017649202221413994,1.0,11.674246400020461,0.9582838409998403,0.9768101984429334,0.9909936808542978,0.9978489324149755,11.674246400020461
0.17200000000000001,0.017643747675959446,1.0,11.673400747459006,0.9586438923515727,0.9764393448251981,0.9909898850498285,0.9977795821109363,11.673400747459006
0.17250000000000001,0.0176382931305049,1.0,11.67254002044262,0.959000831558157,0.9760685049585567,0.990985991397015,0.9977091341803255,11.67254002044262
0.17300000000000001,0.017632838585050357,1.0,11.671664231142714,0.9593546857207601,0.975697678833449,0.9909820006857171,0.9976375887436713,11.671664231142714
0.17350000000000002,0.017627384039595812,1.0,11.670773391758944,0.9597054819405492,0.975326866440315,0.990977913702032,0.9975649459213838,11.670773391758944
0.17400000000000002,0.017621929494141264,1.0,11.669867514517831,0.9600532473186911,0.9749560677695946,0.9909737312284133,0.9974912058337555,11.669867514517831
0.17450000000000002,0.01761647494868672,1.0,11.668946611674649,0.9603980089563532,0.9745852828117278,0.9909694540437838,0.9974163686009606,11.668946611674649
0.17500000000000002,0.017611020403232175,1.0,11.668010695511402,0.9607397939547022,0.9742145115571545,0.9909650829236527,0.9973404343430555,11.668010695511402
0.17550000000000002,0.01760556585777763,1.0,11.667059778337808,0.9610786294149054,0.9738437539963146,0.990960618640225,0.9972634031799787,11.667059778337808
0.176,0.017600111312323086,1.0,11.666093872490439,0.9614145424381297,0.9734730101196483,0.9909560619625162,0.9971852752315509,11.666093872490439
0.1765,0.017594656766868538,1.0,11.665112990333824,0.9617475601255423,0.9731022799175951,0.99095141365646,0.9971060506174744,11.665112990333824
0.177,0.017589202221413993,1.0,11.664117150680164,0.9620776972902013,0.9727315633747484,0.9909466741180828,0.9970257294560586,11.664117150680164
0.1775,0.01758374767595945,1.0,11.663106381220969,0.9624049589049909,0.9723608604676375,0.9909418434462441,0.9969443118636424,11.663106381220969
0.178,0.017578293130504904,1.0,11.662080671494813,0.9627294111429315,0.9719901712075631,0.9909369235649123,0.9968617979640735,11.662080671494813
0.1785,0.017572838585050356,1.0,11.661040030380251,0.9630510756871442,0.9716194955882389,0.9909319150671506,0.9967781878773361,11.661040030380251
0.179,0.01756738403959581,1.0,11.659984466784499,0.9633699742207495,0.9712488336033781,0.9909268185433368,0.996693481723335,11.659984466784499
0.1795,0.017561929494141267,1.0,11.65891398964119,0.9636861284268686,0.9708781852466942,0.9909216345812438,0.9966076796218966,11.65891398964119
0.18,0.017556474948686722,1.0,11.65782860791241,0.9639995599886223,0.9705075505119006,0.990916363766122,0.9965207816927676,11.65782860791241
0.1805,0.017551020403232174,1.0,11.656728330586828,0.9643102905891313,0.9701369293927108,0.990911006680779,0.9964327880556162,11.656728330586828
0.181,0.01754556585777763,1.0,11.655613166681864,0.9646183419115166,0.9697663218828381,0.9909055639056592,0.9963436988300314,11.655613166681864
0.1815,0.017540111312323085,1.0,11.65448312524105,0.9649237356388992,0.9693957279759959,0.9909000360189226,0.9962535141355231,11.65448312524105
0.182,0.017534656766868537,1.0,11.653338215336055,0.9652264934543998,0.9690251476658976,0.9908944235965225,0.9961622340915223,11.653338215336055
0.1825,0.017529202221413992,1.0,11.65217844606587,0.9655266370411393,0.9686545809462567,0.9908887272122827,0.9960698588173809,11.65217844606587
0.183,0.017523747675959447,1.0,11.651003826556114,0.9658241880822386,0.9682840278107866,0.990882947437973,0.9959763884323721,11.651003826556114
0.1835,0.017518293130504903,1.0,11.64981436596041,0.9661191682608186,0.9679134882532006,0.9908770848433848,0.99588182305569,11.64981436596041
0.184,0.017512838585050358,1.0,11.648610073458926,0.96641159926,0.9675429622672121,0.9908711399964056,0.9957861628064495,11.648610073458926
0.1845,0.01750738403959581,1.0,11.647390958259226,0.9667015027629039,0.9671724498465347,0.9908651134630935,0.9956894078036869,11.647390958259226
0.185,0.017501929494141266,1.0,11.646157029596495,0.9669889004526511,0.9668019509848816,0.9908590058077485,0.9955915581663592,11.646157029596495
0.1855,0.01749647494868672,1.0,11.644908296732062,0.9672738140123625,0.9664314656759664,0.9908528175929865,0.9954926140133447,11.644908296732062
0.186,0.017491020403232176,1.0,11.643644768954916,0.9675562651251589,0.9660609939135023,0.9908465493798088,0.9953925754634427,11.643644768954916
0.1865,0.017485565857777628,1.0,11.642366455580362,0.9678362754741612,0.9656905356912029,0.9908402017276754,0.9952914426353735,11.642366455580362
0.187,0.017480111312323084,1.0,11.641073365951668,0.9681138667424902,0.9653200910027815,0.9908337751945716,0.9951892156477786,11.641073365951668
0.1875,0.01747465676686854,1.0,11.63976550943807,0.9683890606132669,0.9649496598419515,0.9908272703370805,0.9950858946192204,11.63976550943807
0.188,0.017469202221413994,1.0,11.63844289543577,0.9686618787696122,0.9645792422024264,0.9908206877104495,0.9949814796681825,11.63844289543577
0.1885,0.017463747675959446,1.0,11.637105533368148,0.9689323428946468,0.9642088380779195,0.9908140278686585,0.9948759709130697,11.637105533368148
0.189,0.017458293130504902,1.0,11.635753432685071,0.9692004746714917,0.9638384474621442,0.9908072913644875,0.9947693684722075,11.635753432685071
0.1895,0.017452838585050357,1.0,11.63438660286324,0.9694662957832678,0.9634680703488141,0.9908004787495824,0.9946616724638432,11.63438660286324
0.19,0.017447384039595813,1.0,11.633005063996475,0.9697298074096492,0.9630977067219846,0.9907935899569265,0.9945528830032934,11.633005063996475
0.1905,0.017441929494141264,1.0,11.631608826091837,0.9699910363024188,0.9627273565749321,0.9907866256878414,0.994443000208431,11.631608826091837
0.191,0.01743647494868672,1.0,11.630197886360131,0.9702500221372478,0.9623570199126282,0.9907795870328613,0.9943320242005669,11.630197886360131
0.1915,0.017431020403232175,1.0,11.628772251749572,0.9705067822623828,0.9619866967311893,0.9907724744092447,0.9942199550983737,11.628772251749572
0.192,0.01742556585777763,1.0,11.627331929235643,0.9707613340260708,0.9616163870267318,0.9907652882331773,0.9941067930204734,11.627331929235643
0.1925,0.017420111312323083,1.0,11.625876925821203,0.9710136947765581,0.961246090795372,0.9907580289198216,0.9939925380854379,11.625876925821203
0.193,0.017414656766868538,1.0,11.624407248536063,0.9712638818620916,0.9608758080332267,0.990750696883367,0.9938771904117882,11.624407248536063
0.1935,0.017409202221413993,1.0,11.622922904437232,0.9715119126309179,0.960505538736412,0.9907432925370769,0.9937607501179958,11.622922904437232
0.194,0.01740374767595945,1.0,11.621423900608612,0.9717578044312836,0.9601352829010443,0.9907358162933388,0.993643217322481,11.621423900608612
0.1945,0.0173982931305049,1.0,11.619910244160858,0.9720015746114354,0.9597650405232403,0.9907282685637111,0.993524592143614,11.619910244160858
0.195,0.017392838585050356,1.0,11.618381942232254,0.9722432405196201,0.9593948115991163,0.9907206497589703,0.993404874699715,11.618381942232254
0.1955,0.01738738403959581,1.0,11.616839001987508,0.9724828195040841,0.9590245961247886,0.9907129602891594,0.9932840651090532,11.616839001987508
0.196,0.017381929494141267,1.0,11.615281430618522,0.9727203289130743,0.9586543940963739,0.9907052005636331,0.9931621634898481,11.615281430618522
0.1965,0.01737647494868672,1.0,11.61370923534344,0.9729557860948372,0.9582842055099884,0.9906973709911053,0.9930391699602684,11.61370923534344
0.197,0.017371020403232174,1.0,11.61212242340871,0.9731892083976196,0.9579140303617485,0.9906894719796939,0.9929150846384327,11.61212242340871
0.1975,0.01736556585777763,1.0,11.610521002086186,0.973420613169668,0.9575438686477709,0.9906815039369669,0.992789907642409,11.610521002086186
0.198,0.017360111312323085,1.0,11.608904978675202,0.9736500177592292,0.9571737203641717,0.9906734672699877,0.9926636390902154,11.608904978675202
0.1985,0.017354656766868537,1.0,11.60727436050135,0.9738774395145499,0.9568035855070676,0.9906653623853594,0.9925362790998191,11.60727436050135
0.199,0.017349202221413992,1.0,11.60562915491816,0.9741028957838765,0.9564334640725749,0.9906571896892692,0.9924078277891375,11.60562915491816
0.1995,0.017343747675959448,1.0,11.603969369304728,0.974326403915456,0.95606335605681,0.9906489495875324,0.9922782852760373,11.603969369304728
0.2,0.017338293130504903,1.0,11.602295011067378,0.974547981257535,0.9556932614558894,0.9906406424856363,0.9921476516783353,11.602295011067378
0.2005,0.017332838585050355,1.0,11.600606087638596,0.9747676451583599,0.9553231802659296,0.9906322687887831,0.9920159271137975,11.600606087638596
0.201,0.01732738403959581,1.0,11.59890260647869,0.9749854129661776,0.9549531124830467,0.9906238289019326,0.9918831117001399,11.59890260647869
0.2015,0.017321929494141266,1.0,11.597184575073307,0.9752013020292346,0.9545830581033575,0.9906153232298458,0.991749205555028,11.597184575073307
0.202,0.01731647494868672,1.0,11.59545200093533,0.9754153296957778,0.9542130171229783,0.9906067521771256,0.9916142087960773,11.59545200093533
0.2025,0.017311020403232173,1.0,11.59370489160384,0.9756275133140536,0.9538429895380256,0.9905981161482595,0.9914781215408528,11.59370489160384
0.203,0.01730556585777763,1.0,11.591943254708111,0.9758378242125787,0.9534729753445583,0.9905894141407747,0.9913409439068477,11.591943254708111
0.20350000000000001,0.017300111312323084,1.0,11.5901671015315,0.9760463214692471,0.9531029745353207,0.9905806478325572,0.9912026760102609,11.5901671015315
0.20400000000000001,0.01729465676686854,1.0,11.58837643802695,0.9762530333841829,0.9527329871079504,0.9905718179630314,0.9910633179690512,11.58837643802695
0.20450000000000002,0.017289202221413995,1.0,11.586571269545365,0.9764579733954476,0.9523630130606601,0.9905629248173293,0.9909228699013646,11.586571269545365
0.20500000000000002,0.017283747675959447,1.0,11.584751601464415,0.9766611549411025,0.9519930523916624,0.9905539686803305,0.9907813319253214,11.584751601464415
0.20550000000000002,0.017278293130504902,1.0,11.58291743918943,0.9768625914592093,0.95162310509917,0.9905449498366935,0.9906387041590162,11.58291743918943
0.20600000000000002,0.017272838585050358,1.0,11.581068788152733,0.9770622963878292,0.9512531711813955,0.9905358685708853,0.9904949867205187,11.581068788152733
0.20650000000000002,0.01726738403959581,1.0,11.579205653812991,0.9772602831650237,0.9508832506365517,0.9905267251672105,0.9903501797278728,11.579205653812991
0.20700000000000002,0.017261929494141265,1.0,11.577328041657266,0.9774565652288542,0.950513343462851,0.9905175199098418,0.990204283299097,11.577328041657266
0.20750000000000002,0.01725647494868672,1.0,11.575435957198932,0.9776511560173822,0.9501434496585062,0.9905082530828488,0.9900572975521844,11.575435957198932
0.20800000000000002,0.017251020403232176,1.0,11.573529405978192,0.977844068968669,0.94977356922173,0.9904989249702265,0.9899092226051026,11.573529405978192
0.2085,0.01724556585777763,1.0,11.571608393563078,0.9780353175207761,0.9494037021507349,0.9904895358559253,0.9897600585757939,11.571608393563078
0.209,0.017240111312323083,1.0,11.569672925547783,0.9782249151117649,0.9490338484437337,0.9904800860238789,0.9896098055821748,11.569672925547783
0.2095,0.01723465676686854,1.0,11.56772300755457,0.9784128751796969,0.948664008098939,0.9904705757580333,0.9894584637421369,11.56772300755457
0.21,0.017229202221413994,1.0,11.565758645232082,0.9785992111626335,0.9482941811145634,0.9904610053423749,0.9893060331735457,11.565758645232082
0.2105,0.017223747675959446,1.0,11.563779844255725,0.978783936498636,0.9479243674888196,0.9904513750609589,0.989152513994242,11.563779844255725
0.211,0.0172182931305049,1.0,11.561786610328687,0.9789670646257661,0.9475545672199203,0.9904416851979364,0.9889979063220405,11.561786610328687
0.2115,0.017212838585050357,1.0,11.559778949180753,0.9791486089820849,0.947184780306078,0.9904319360375843,0.988842210274731,11.559778949180753
0.212,0.017207384039595812,1.0,11.557756866568562,0.9793285830056541,0.9468150067455054,0.9904221278643304,0.9886854259700775,11.557756866568562
0.2125,0.017201929494141267,1.0,11.555720368275855,0.9795070001345348,0.9464452465364153,0.9904122609627822,0.9885275535258187,11.555720368275855
0.213,0.01719647494868672,1.0,11.553669460112932,0.9796838738067888,0.9460754996770202,0.9904023356177548,0.9883685930596678,11.553669460112932
0.2135,0.017191020403232175,1.0,11.551604147917946,0.9798592174604773,0.9457057661655328,0.9903923521142962,0.9882085446893127,11.551604147917946
0.214,0.01718556585777763,1.0,11.54952443755533,0.9800330445336618,0.9453360460001657,0.990382310737716,0.988047408532416,11.54952443755533
0.2145,0.017180111312323085,1.0,11.54743033491657,0.9802053684644036,0.9449663391791316,0.9903722117736112,0.9878851847066145,11.54743033491657
0.215,0.017174656766868537,1.0,11.545321845919664,0.9803762026907644,0.9445966457006432,0.9903620555078932,0.9877218733295198,11.545321845919664
0.2155,0.017169202221413993,1.0,11.543198976510284,0.9805455606508054,0.9442269655629131,0.9903518422268137,0.9875574745187181,11.543198976510284
0.216,0.017163747675959448,1.0,11.541061732660593,0.9807134557825882,0.9438572987641538,0.9903415722169916,0.98739198839177,11.541061732660593
0.2165,0.017158293130504904,1.0,11.538910120369362,0.9808799015241739,0.9434876453025782,0.9903312457654393,0.9872254150662112,11.538910120369362
0.217,0.017152838585050355,1.0,11.536744145662354,0.9810449113136243,0.9431180051763989,0.9903208631595876,0.9870577546595513,11.536744145662354
0.2175,0.01714738403959581,1.0,11.534563814592817,0.9812084985890006,0.9427483783838284,0.9903104246873119,0.9868890072892749,11.534563814592817
0.218,0.017141929494141266,1.0,11.532369133239929,0.9813706767883642,0.9423787649230795,0.990299930636959,0.9867191730728411,11.532369133239929
0.2185,0.01713647494868672,1.0,11.530160107710072,0.9815314593497768,0.9420091647923649,0.9902893812973709,0.9865482521276836,11.530160107710072
0.219,0.017131020403232174,1.0,11.527936776859141,0.9816908547514823,0.941639577959921,0.9902787768009937,0.9863762445572155,11.527936776859141
0.2195,0.01712556585777763,1.0,11.525699125608675,0.9818488754274658,0.94127000444341,0.9902681174065845,0.9862031504876917,11.525699125608675
0.22,0.017120111312323084,1.0,11.523447141191133,0.9820055345497936,0.9409004442584075,0.990257403396469,0.9860289700445856,11.523447141191133
0.2205,0.01711465676686854,1.0,11.52118082873319,0.9821608431577268,0.9405308974041239,0.9902466349857205,0.9858537033457646,11.52118082873319
0.221,0.017109202221413992,1.0,11.5189001933886,0.9823148122905266,0.9401613638797698,0.990235812389741,0.9856773505090827,11.5189001933886
0.2215,0.017103747675959447,1.0,11.51660524033872,0.9824674529874544,0.9397918436845558,0.9902249358242817,0.9854999116523802,11.51660524033872
0.222,0.017098293130504903,1.0,11.514295974791594,0.9826187762877714,0.9394223368176925,0.9902140055054623,0.9853213868934836,11.514295974791594
0.2225,0.017092838585050358,1.0,11.511972401982728,0.9827687932307387,0.9390528432783903,0.9902030216497898,0.9851417763502062,11.511972401982728
0.223,0.01708738403959581,1.0,11.509634527174313,0.9829175148556176,0.9386833630658601,0.9901919844741782,0.9849610801403474,11.509634527174313
0.2235,0.017081929494141265,1.0,11.50728235565662,0.9830649522016693,0.9383138961793123,0.9901808941959692,0.9847792983816933,11.50728235565662
0.224,0.01707647494868672,1.0,11.504915892746732,0.983211116308155,0.9379444426179573,0.9901697510329491,0.984596431192016,11.504915892746732
0.2245,0.017071020403232176,1.0,11.502535143788512,0.983356018214336,0.9375750023810059,0.9901585552033697,0.9844124786890743,11.502535143788512
0.225,0.017065565857777628,1.0,11.500140114153266,0.9834996689594735,0.9372055754676686,0.9901473069259664,0.9842274409906133,11.500140114153266
0.2255,0.017060111312323083,1.0,11.497730809239847,0.9836420795828288,0.936836161877156,0.9901360064199779,0.9840413182143647,11.497730809239847
0.226,0.01705465676686854,1.0,11.49530723447363,0.9837832611236629,0.9364667616086787,0.9901246539051638,0.9838541104780462,11.49530723447363
0.2265,0.017049202221413994,1.0,11.492869395307794,0.9839232246212372,0.9360973746614472,0.9901132496018251,0.9836658178993621,11.492869395307794
0.227,0.017043747675959446,1.0,11.490417296879388,0.9840619808523007,0.9357280010349862,0.9901017937224678,0.983476440596165,11.490417296879388
0.2275,0.0170382931305049,1.0,11.487950943097653,0.9841995396252765,0.9353586407299733,0.9900902864492995,0.9832859786868934,11.487950943097653
0.228,0.017032838585050357,1.0,11.485470338636548,0.9843359111347159,0.9349892937464089,0.9900787279772667,0.9830944322896372,11.485470338636548
0.2285,0.017027384039595812,1.0,11.482975488279314,0.984471105596258,0.9346199600842189,0.9900671185024886,0.9829018015224434,11.482975488279314
0.229,0.017021929494141264,1.0,11.480466396505005,0.9846051326620977,0.9342506397436329,0.9900554582035896,0.9827080865035138,11.480466396505005
0.2295,0.01701647494868672,1.0,11.477943068749157,0.9847380035861951,0.9338813327240288,0.990043747310933,0.9825132873505977,11.477943068749157
0.23,0.017011020403232175,1.0,11.475405509498016,0.9848697280171722,0.9335120390256805,0.9900319860041344,0.9823174041819095,11.475405509498016
0.2305,0.01700556585777763,1.0,11.472853723265473,0.9850003156036509,0.9331427586488618,0.9900201744633068,0.9821204371156627,11.472853723265473
0.231,0.017000111312323082,1.0,11.470287714593205,0.9851297759942528,0.9327734915938464,0.9900083128690755,0.9819223862700694,11.470287714593205
0.2315,0.016994656766868538,1.0,11.467707488050918,0.9852581188375998,0.9324042378609081,0.9899964014025933,0.9817232517633412,11.467707488050918
0.232,0.016989202221413993,1.0,11.465113048235203,0.985385353782314,0.932034997450321,0.9899844402455562,0.9815230337136885,11.465113048235203
0.2325,0.01698374767595945,1.0,11.462504399770951,0.9855114904770169,0.9316657703623586,0.9899724295802185,0.9813217322393204,11.462504399770951
0.233,0.016978293130504904,1.0,11.45988154731032,0.9856365385703307,0.9312965565972952,0.9899603695894074,0.9811193474584453,11.45988154731032
0.2335,0.016972838585050356,1.0,11.457244495414415,0.9857605075392771,0.9309273561555131,0.9899482604510008,0.9809158794893307,11.457244495414415
0.234,0.01696738403959581,0.0,11.454195734448838,0.9713663414852253,0.930558534349035,0.9894519904833136,0.9807115313929834,11.454195734448838
0.23450000000000001,0.016961929494141267,0.0,11.449847115551309,0.9523400135260062,0.930190907675297,0.9887524731279529,0.9805067625152044,11.449847115551309
0.23500000000000001,0.01695647494868672,0.0,11.444293261968554,0.9336863780987132,0.9298243898188887,0.9880071891688265,0.9803015349428348,11.444293261968554
0.23550000000000001,0.016951020403232174,0.0,11.437641973658792,0.9153982670670626,0.9294588824472524,0.9872132257874848,0.9800958029376378,11.437641973658792
0.23600000000000002,0.01694556585777763,0.0,11.430025265820955,0.8974681321027216,0.9290942649917198,0.986367469718014,0.9798895069717422,11.430025265820955
0.23650000000000002,0.016940111312323085,0.0,11.421485184431488,0.8798891532927408,0.9287304996465069,0.9854666516703446,0.9796826332774538,11.421485184431488
0.23700000000000002,0.01693465676686854,0.0,11.412054498882355,0.8626545943571146,0.9283675571969605,0.9845073090280367,0.9794751725522771,11.412054498882355
0.23750000000000002,0.016929202221413992,0.0,11.401766033660888,0.8457577190158378,0.9280054084284275,0.9834857701765222,0.9792671151377699,11.401766033660888
0.23800000000000002,0.016923747675959448,0.0,11.39064995465628,0.8291918379308021,0.9276440266158335,0.9823981451772935,0.9790584524625191,11.39064995465628
0.23850000000000002,0.016918293130504903,0.0,11.378717175003597,0.8129504081689851,0.9272834028198353,0.9812403220714381,0.9788491859781506,11.378717175003597
0.23900000000000002,0.016912838585050355,0.0,11.365966597167729,0.7970269402222345,0.9269235392457185,0.9800079497040239,0.9786393235345118,11.365966597167729
0.23950000000000002,0.01690738403959581,0.0,11.352374565745789,0.7814153947878663,0.9265644590096701,0.9786964600770641,0.9784288852778303,11.352374565745789
0.24,0.016901929494141266,0.0,11.33791757858322,0.766109732563197,0.9262061852278773,0.9773010263899371,0.9782178916055106,11.33791757858322
0.2405,0.01689647494868672,0.0,11.32257229627192,0.7511039142455411,0.9258487410165276,0.9758165495586637,0.978006363164664,11.32257229627192
0.241,0.016891020403232176,0.0,11.306307774956728,0.7363920686036023,0.9254921566854145,0.9742376631288394,0.9777943251384367,11.306307774956728
0.2415,0.01688556585777763,0.0,11.289092533583663,0.7219682240305431,0.9251364632325324,0.9725586937659237,0.9775818034506641,11.289092533583663
0.242,0.016880111312323084,0.0,11.270876428858859,0.7078268665792525,0.9247817091513394,0.9707737153910265,0.9773688348872251,11.270876428858859
0.2425,0.01687465676686854,0.0,11.251606100907853,0.6939625716553331,0.9244279461972569,0.9688765053628238,0.9771554587361412,11.251606100907853
0.243,0.016869202221413995,0.0,11.23122852812331,0.6803699146643876,0.9240752261257058,0.966860522972084,0.9769417148485492,11.23122852812331
0.2435,0.016863747675959447,0.0,11.209688148716179,0.6670435393870734,0.9237236033913615,0.9647189085692403,0.9767276452816067,11.209688148716179
0.244,0.016858293130504902,0.0,11.186927373201057,0.6539781235988364,0.923373134711895,0.9624444694911706,0.9765132940644744,11.186927373201057
0.2445,0.016852838585050357,0.0,11.162880091034635,0.6411685201305433,0.9230238851543603,0.9600296985067719,0.9762987109730835,11.162880091034635
0.245,0.016847384039595813,0.0,11.137468999802975,0.6286098565282174,0.9226759307041862,0.9574667972604554,0.9760839532301447,11.137468999802975
0.2455,0.016841929494141265,0.0,11.110617419129875,0.6162972603378825,0.9223293473468016,0.9547476267492037,0.9758690788657048,11.110617419129875
0.246,0.01683647494868672,0.0,11.082249343034608,0.6042258591055621,0.9219842110676354,0.9518637014357414,0.9756541467090429,11.082249343034608
0.2465,0.016831020403232175,0.0,11.052281155275521,0.5923909445807222,0.9216406056546678,0.9488062289001448,0.9754392212713309,11.052281155275521
0.247,0.01682556585777763,0.0,11.02063419137263,0.5807877008996788,0.9212986110396717,0.9455660438459838,0.9752243655028605,11.02063419137263
0.2475,0.016820111312323083,0.0,10.987209221379464,0.5694117217954722,0.9209583272762663,0.9421337592106022,0.9750096558921366,10.987209221379464
0.248,0.016814656766868538,0.0,10.951906600025975,0.5582586307551295,0.9206198558280951,0.9384996863468424,0.9747951708449903,10.951906600025975
0.2485,0.016809202221413994,0.0,10.914627868288347,0.5473240512656782,0.9202832981588024,0.9346538358766625,0.9745809897902464,10.914627868288347
0.249,0.01680374767595945,0.0,10.875271307737027,0.536603684922033,0.9199487600170603,0.9305859597575814,0.9743671959087752,10.875271307737027
0.2495,0.0167982931305049,0.0,10.8337362913879,0.5260932171433147,0.9196163474636209,0.926285536413289,0.9741538736196427,10.8337362913879
0.25,0.016792838585050356,0.0,10.789909163721044,0.5157885584484889,0.9192861803514454,0.921741898179788,0.9739411172709624,10.789909163721044
0.2505,0.01678738403959581,0.0,10.743668852649831,0.5056857777864074,0.9189583872619972,0.9169442579938003,0.9737290280192943,10.743668852649831
0.251,0.016781929494141267,0.0,10.694896294467842,0.4957809441059218,0.9186330967767401,0.9118816831932809,0.9735177082394266,10.694896294467842
0.2515,0.01677647494868672,0.0,10.643474143003255,0.48607013524762716,0.9183104379089073,0.9065431375976761,0.9733072617814621,10.643474143003255
0.252,0.016771020403232174,0.0,10.589275368337212,0.4765496400218259,0.917990551169331,0.9009176501702548,0.9730978012099596,10.589275368337212
0.2525,0.01676556585777763,0.0,10.532188510137896,0.46721540907668657,0.9176735646920376,0.8949940458168596,0.9728894321979356,10.532188510137896
0.253,0.016760111312323085,0.0,10.472075207866164,0.4580639630531661,0.9173596350741385,0.8887615658041654,0.9726822803396817,10.472075207866164
0.2535,0.016754656766868537,0.0,10.4088003695801,0.4490918225922216,0.917048918912745,0.8822096297592213,0.9724764725858226,10.4088003695801
0.254,0.016749202221413993,0.0,10.342232425693915,0.44029550833481007,0.9167415728049682,0.8753279085252595,0.9722721372040384,10.342232425693915
0.2545,0.016743747675959448,0.0,10.272243595408755,0.4316715409218887,0.9164377533479192,0.8681064020957061,0.9720694037378272,10.272243595408755
0.255,0.016738293130504903,0.0,10.198709106300393,0.42321652321384146,0.9161376181706005,0.8605355973878378,0.9718684036556,10.198709106300393
0.2555,0.016732838585050355,0.0,10.12149931294777,0.4149270563287234,0.9158413339438616,0.8526065037707019,0.9716692757106055,10.12149931294777
0.256,0.01672738403959581,0.0,10.040485952668494,0.40679983807775366,0.9155490707229146,0.8443108453064703,0.9714721621769469,10.040485952668494
0.2565,0.016721929494141266,0.0,9.955545416343368,0.3988318112383426,0.9152609991292581,0.8356413517860617,0.9712772069257136,9.955545416343368
0.257,0.01671647494868672,0.0,9.866559694087629,0.3910199185879005,0.9149772897843906,0.8265916596379467,0.97108455499037,9.866559694087629
0.2575,0.016711020403232173,0.0,9.773416752425806,0.3833611029038376,0.9146981133098105,0.8171564219159331,0.9708943525083763,9.773416752425806
0.258,0.01670556585777763,0.0,9.676010926513886,0.3758523069635643,0.9144236403270164,0.8073314178802238,0.9707067466604806,9.676010926513886
0.2585,0.016700111312323084,0.0,9.574254097539814,0.3684906470229795,0.9141540306315664,0.7971138962873331,0.9705218781727758,9.574254097539814
0.259,0.01669465676686854,0.0,9.468033212399828,0.36127303634355434,0.9138894762564668,0.7865022220362324,0.9703399108024576,9.468033212399828
0.2595,0.01668920222141399,0.0,9.357285257487439,0.35419675988439125,0.9136301266073189,0.7754967426081228,0.970160979880529,9.357285257487439
0.26,0.016683747675959447,0.0,9.241957222205004,0.3472591261095172,0.9133761286201879,0.7640994898035421,0.9699852196286951,9.241957222205004
0.2605,0.016678293130504902,0.0,9.122004029991544,0.3404574434829594,0.9131276292311391,0.7523142402494624,0.9698127647879903,9.122004029991544
0.261,0.016672838585050358,0.0,8.99738895034044,0.333789020468745,0.9128847753762376,0.7401465923744547,0.9696437505550056,8.99738895034044
0.2615,0.016667384039595813,0.0,8.868109772611856,0.3272512636371972,0.9126476870966658,0.7276041946289643,0.969478293721752,8.868109772611856
0.262,0.016661929494141265,0.0,8.734130855803778,0.3208414894499182,0.9124165284801834,0.7146965145769135,0.9693165420661499,8.734130855803778
0.2625,0.01665647494868672,0.0,8.595474296669291,0.3145571651359019,0.912191413096153,0.7014352526303417,0.9691586082637982,8.595474296669291
0.263,0.016651020403232176,0.0,8.452221994746273,0.3083959327355964,0.9119724001987868,0.6878344629408383,0.9690045666929498,8.452221994746273
0.2635,0.016645565857777628,0.0,8.30446345639419,0.3023554342894501,0.9117595490422963,0.6739102613249158,0.9688544912591244,8.30446345639419
0.264,0.016640111312323083,0.0,8.152295982597977,0.2964333118379112,0.9115529188808935,0.6596807833602483,0.9687084553660408,8.152295982597977
0.2645,0.01663465676686854,0.0,7.995824858586136,0.29062720742142795,0.9113525689687905,0.6451661158690831,0.9685665318862678,7.995824858586136
0.265,0.016629202221413994,0.0,7.835212643901625,0.2849348733604053,0.9111585040043125,0.6303884337472974,0.9684287543569929,7.835212643901625
0.2655,0.01662374767595945,0.0,7.670568121097809,0.2793539442185534,0.9109707961462887,0.6153714355821884,0.9682952034446973,7.670568121097809
0.266,0.0166182931305049,0.0,7.502112945707717,0.27388225738572697,0.9107893995584456,0.6001408474729546,0.9681658750754294,7.502112945707717
0.2665,0.016612838585050357,0.0,7.330121297565697,0.2685177541290962,0.9106142131238394,0.5847241162972485,0.9680407244181184,7.330121297565697
0.267,0.016607384039595812,0.0,7.154869295350579,0.26325837571583144,0.910445135725526,0.5691500060972189,0.9679197051391222,7.154869295350579
0.2675,0.016601929494141264,0.0,6.9766346746620815,0.258102063413103,0.9102820662465617,0.5534483792071873,0.9678027694520547,6.9766346746620815
0.268,0.01659647494868672,0.0,6.795696471383978,0.2530467584880811,0.9101249035700023,0.537649959836811,0.9676898681667945,6.795696471383978
0.2685,0.016591020403232175,0.0,6.612392134627827,0.24809051482330002,0.9099734771221869,0.5217863692053551,0.9675809007141224,6.612392134627827
0.269,0.01658556585777763,0.0,6.427013168687946,0.24323125439729387,0.9098276695554474,0.5058892381611845,0.9674758032887936,6.427013168687946
0.2695,0.016580111312323086,0.0,6.239961566425398,0.23846712515119606,0.9096872253114472,0.4899908820151708,0.9673744109122188,6.239961566425398
0.27,0.016574656766868538,0.0,6.051655830260317,0.23379632769422745,0.9095518583379157,0.47412363419283476,0.9672765346795021,6.051655830260317
0.2705,0.016569202221413993,0.0,5.862504641982422,0.22921706263560893,0.9094212825825826,0.45831944404928066,0.9671819838040626,5.862504641982422
0.271,0.01656374767595945,0.0,5.672906133221611,0.22472753058456146,0.9092952119931771,0.4426096143079437,0.9670905657305493,5.672906133221611
0.2715,0.0165582931305049,0.0,5.483247198212819,0.22032593215030588,0.9091733605174287,0.42702455094853203,0.9670020862412121,5.483247198212819
0.272,0.016552838585050356,0.0,5.2939045157851945,0.21601060421434576,0.9090554398497273,0.41159401280616503,0.9669163479162937,5.2939045157851945
0.2725,0.01654738403959581,0.0,5.105399467630746,0.21177969041595743,0.9089409451457844,0.39634551040584937,0.9668329941162278,5.105399467630746
0.273,0.016541929494141266,0.0,4.918107072529318,0.20763161635337868,0.9088295420142477,0.38130621643858476,0.9667517903626727,4.918107072529318
0.2735,0.016536474948686722,0.0,4.732384331380557,0.2035648120014249,0.9087208983835211,0.36650163760197535,0.966672502432354,4.732384331380557
0.274,0.016531020403232174,0.0,4.5485714715595895,0.19957770733491137,0.9086146821820087,0.351955445199252,0.9665948947492189,4.5485714715595895
0.2745,0.01652556585777763,0.0,4.366991501786758,0.19566873232865345,0.9085105613381143,0.3376893525085729,0.9665187304533321,4.366991501786758
0.275,0.01652011131232308,0.0,4.187949823990051,0.19183631695746647,0.9084082037802418,0.32372302164820704,0.9664437714609532,4.187949823990051
0.2755,0.016526777978989746,0.0,4.4914782626095935,0.1880789440557562,0.9084091660912404,0.31016878255420505,0.9664444765755921,4.4914782626095935
0.276,0.016533444645656415,0.0,4.698171382782269,0.18439516814945284,0.9085634452575495,0.2970809512549983,0.9665574258273234,4.698171382782269
0.2765,0.01654011131232308,0.0,4.78137755287719,0.18078354783022366,0.9088987801561359,0.28448681366654627,0.9668022709718398,4.78137755287719
0.277,0.01654677797898975,0.0,4.738364897835755,0.1772426696935683,0.9094143057908503,0.2723838711666589,0.9671769280185857,4.738364897835755
0.2775,0.016553444645656414,0.0,4.609571398948175,0.17377114779793124,0.910053804886304,0.2607211659413699,0.9676387279382758,4.609571398948175
0.278,0.01656011131232308,0.0,4.441667244072505,0.17036762404469286,0.9107535036781431,0.24944501999048818,0.9681402515770912,4.441667244072505
0.2785,0.016566777978989748,0.0,4.262219258824007,0.16703076657821767,0.9114752674818455,0.2385263653716454,0.9686534869303568,4.262219258824007
0.279,0.016573444645656413,0.0,4.0829877952429765,0.16375926883727385,0.9122023921803184,0.22795462507999553,0.9691663202445655,4.0829877952429765
0.2795,0.016580111312323082,0.0,3.907989100272897,0.16055185263637892,0.912928914373596,0.2177273446823528,0.9696745041913577,3.907989100272897
0.28,0.016586777978989747,0.0,3.7387567649366575,0.15740725826156912,0.913652326026838,0.20784374263733865,0.9701763167976981,3.7387567649366575
0.2805,0.016593444645656416,0.0,3.575671194880594,0.15432426082400874,0.9143717878443038,0.19830319378894715,0.9706712371320764,3.575671194880594
0.281,0.01660011131232308,0.0,3.418896420650257,0.1513016600348133,0.9150867506240453,0.18910416236912372,0.9711589603216677,3.418896420650257
0.28150000000000003,0.016606777978989747,0.0,3.2684159885596853,0.14833824286991568,0.9157969297154862,0.1802441214404346,0.9716393718186449,3.2684159885596853
0.28200000000000003,0.016613444645656415,0.0,3.1240970310187928,0.1454328768703527,0.9165022248138013,0.17171985759658634,0.97211248615582,3.1240970310187928
0.28250000000000003,0.01662011131232308,0.0,2.985804065201107,0.14258443054580802,0.9172025375164328,0.163527177802945,0.9725783208251291,2.985804065201107
0.28300000000000003,0.01662677797898975,0.0,2.853390082896173,0.13979177948335383,0.917897788418197,0.15566103481414698,0.9730369074135075,2.853390082896173
0.28350000000000003,0.016633444645656414,0.0,2.7266378338567763,0.13705381827167057,0.9185880303713042,0.14811571534595283,0.9734883648047052,2.7266378338567763
0.28400000000000003,0.01664011131232308,0.0,2.605303004386784,0.13436948650672637,0.9192733808967235,0.14088495232540846,0.973932851872618,2.605303004386784
0.28450000000000003,0.01664677797898975,0.0,2.489145370038763,0.13173774041313577,0.9199539679577313,0.13396189195683425,0.9743705310171524,2.489145370038763
0.28500000000000003,0.016653444645656414,0.0,2.3779290933686035,0.12915754630367413,0.9206299299741846,0.12733915979730906,0.9748015679363886,2.3779290933686035
0.28550000000000003,0.016660111312323082,0.0,2.271402633527717,0.12662787985839805,0.9213014578534771,0.1210089596135834,0.9752261578560478,2.271402633527717
0.28600000000000003,0.016666777978989748,0.0,2.1693360111693134,0.12414776555636954,0.9219687217113546,0.11496321480566658,0.9756444784345599,2.1693360111693134
0.28650000000000003,0.016673444645656416,0.0,2.071511575507352,0.12171623658447168,0.9226318874724492,0.10919353978094117,0.9760567006556969,2.071511575507352
0.28700000000000003,0.01668011131232308,0.0,1.9777272111690332,0.1193323389334758,0.9232911084740875,0.10369131637383398,0.9764629838434631,1.9777272111690332
0.28750000000000003,0.016686777978989747,0.0,1.8877986271606118,0.11699512142183176,0.9239465180234264,0.09844773216341639,0.976863471516956,1.8877986271606118
0.28800000000000003,0.016693444645656415,0.0,1.8015755646315725,0.11470368552824273,0.9245981887601646,0.09345394111111154,0.9772582674470089,1.8015755646315725
0.28850000000000003,0.01670011131232308,0.0,1.718916197405807,0.11245714103760197,0.9252461855635108,0.0887010289435963,0.9776474689087797,1.718916197405807
0.28900000000000003,0.01670677797898975,0.0,1.6396863305551361,0.11025460421835671,0.9258905662346731,0.08418005892855747,0.9780311673079305,1.6396863305551361
0.28950000000000004,0.016713444645656415,0.0,1.563775039705931,0.10809519962550516,0.92653134144599,0.07988210836653652,0.9784094248410972,1.563775039705931
0.29000000000000004,0.01672011131232308,0.0,1.4910834925741214,0.10597808915671042,0.9271684972627849,0.07579837539356045,0.9787822888361561,1.4910834925741214
0.29050000000000004,0.01672677797898975,0.0,1.4215167210291242,0.10390245430776772,0.9278020135804725,0.0719201766693336,0.9791498030278629,1.4215167210291242
0.29100000000000004,0.016733444645656414,0.0,1.3549806816843963,0.10186750394497367,0.9284318712999582,0.06823899061761121,0.979512011817497,1.3549806816843963
0.29150000000000004,0.016740111312323083,0.0,1.2913906655929739,0.099872441445427,0.9290580295367243,0.06474641286234666,0.9798689473071509,1.2913906655929739
0.29200000000000004,0.016746777978989748,0.0,1.2306627909975119,0.09791637790298525,0.929680446918335,0.061434038254128874,0.9802206418175796,1.2306627909975119
0.29250000000000004,0.016753444645656413,0.0,1.1727072497158522,0.0959985976573065,0.9302991011478027,0.05829395986326882,0.980567138796783,1.1727072497158522
0.29300000000000004,0.016760111312323082,0.0,1.1174356626871649,0.09411838504804877,0.93091396992814,0.055318449594614516,0.9809084817956403,1.1174356626871649
0.29350000000000004,0.016766777978989747,0.0,1.064761123468964,0.09227502441487011,0.9315250309623596,0.05249997404968776,0.9812447144611768,1.064761123468964
0.29400000000000004,0.016773444645656416,0.0,1.0145982419913089,0.09046780009742854,0.9321322619534743,0.0498312075565537,0.9815758805297927,1.0145982419913089
0.29450000000000004,0.01678011131232308,0.0,0.9668631885673661,0.08869599643538213,0.9327356406044965,0.04730504259972304,0.9819020238204502,0.9668631885673661
0.29500000000000004,0.01678677797898975,0.0,0.9214737381616711,0.08695889776838892,0.933335144618439,0.04491459787869909,0.9822231882278223,0.9214737381616711
0.29550000000000004,0.016793444645656415,0.0,0.8783395063069517,0.08525585319494151,0.9339307842498763,0.04265331746254181,0.9825394349206544,0.8783395063069517
0.29600000000000004,0.01680011131232308,0.0,0.8373690923984904,0.0835861244831799,0.9345225821106129,0.04051475511765815,0.9828508309861543,0.8373690923984904
0.29650000000000004,0.01680677797898975,0.0,0.7984750697593684,0.08194905554408792,0.9351105572163806,0.038492809686931855,0.9831574408609255,0.7984750697593684
0.29700000000000004,0.016813444645656414,0.0,0.7615692505820558,0.08034404153150959,0.9356947412727016,0.036581671495522716,0.9834593348000609,0.7615692505820558
0.29750000000000004,0.016820111312323083,0.0,0.7265665400559385,0.07877047759928887,0.9362751659850974,0.03477574904796184,0.9837565821190924,0.7265665400559385
0.29800000000000004,0.016826777978989748,0.0,0.6933848745005068,0.07722775890126977,0.9368518630590903,0.03306966887726373,0.9840492512035685,0.6933848745005068
0.29850000000000004,0.016833444645656413,0.0,0.6619451600201087,0.07571528059129629,0.9374248642002019,0.03145827430406891,0.9843374095185473,0.6619451600201087
0.29900000000000004,0.016840111312323082,0.0,0.6321712116766314,0.07423243782321237,0.9379942011139543,0.029936623243453853,0.984621123618013,0.6321712116766314
0.29950000000000004,0.016846777978989747,0.0,0.6039885439844003,0.0727786482021608,0.938559910105016,0.028500008303391194,0.9849004614147852,0.6039885439844003
0.30000000000000004,0.016853444645656416,0.0,0.5773155640399799,0.07135336397629122,0.9391220684078756,0.02714396396912319,0.9851755097802585,0.5773155640399799
0.30050000000000004,0.01686011131232308,0.0,0.5520806763103585,0.06995592449284546,0.9396807269269766,0.025864111226104897,0.9854463411837682,0.5520806763103585
0.30100000000000005,0.01686677797898975,0.0,0.5282128859462909,0.06858582350328507,0.9402359469076712,0.024656417647185853,0.9857130318319092,0.5282128859462909
0.30150000000000005,0.016873444645656415,0.0,0.5056443324657438,0.06724255475907158,0.9407877895953118,0.023517030499366,0.9859756565559638,0.5056443324657438
0.30200000000000005,0.01688011131232308,0.0,0.4843101818749171,0.06592561201166652,0.9413363162352507,0.022442272400894824,0.986234288828598,0.4843101818749171
0.30250000000000005,0.01688677797898975,0.0,0.46414852072753493,0.06463448901253141,0.9418815880728402,0.021428636657538525,0.9864890007802599,0.46414852072753493
0.30300000000000005,0.016893444645656414,0.0,0.4451002521228315,0.06336867951312779,0.9424236663534322,0.02047278234194675,0.9867398632152764,0.4451002521228315
0.30350000000000005,0.016900111312323083,0.0,0.4271089936428369,0.06212767726491719,0.9429626123223794,0.019571529173797772,0.9869869456276513,0.4271089936428369
0.30400000000000005,0.016906777978989748,0.0,0.4101209772277906,0.06091097601936113,0.9434984872250339,0.01872185225250318,0.9872303162165614,0.4101209772277906
0.30450000000000005,0.016913444645656413,0.0,0.3940822152573178,0.05971815625773075,0.9440313658610304,0.017920936723603276,0.9874700479704727,0.3940822152573178
0.30500000000000005,0.016920111312323082,0.0,0.37894082463524964,0.058548644868298146,0.9445613256958334,0.017166002168519105,0.9877062135655862,0.37894082463524964
0.30550000000000005,0.016926777978989747,0.0,0.3646493069575833,0.057401995795616376,0.9450884347859657,0.016454494207997772,0.9879388800229795,0.3646493069575833
0.30600000000000005,0.016933444645656416,0.0,0.3511622855113711,0.05627779059123404,0.9456127621563106,0.015784003053545125,0.9881681134389358,0.3511622855113711
0.30650000000000005,0.01694011131232308,0.0,0.3384366041879094,0.055175610806699735,0.9461343768317513,0.01515223922128555,0.9883939785627849,0.3384366041879094
0.30700000000000005,0.016946777978989747,0.0,0.32643122947239683,0.05409503799356206,0.946653347837171,0.014557028940090606,0.9886165388120726,0.32643122947239683
0.30750000000000005,0.016953444645656415,0.0,0.31510715489565355,0.0530356537033696,0.9471697441974529,0.013996309588624911,0.9888358562873497,0.31510715489565355
0.30800000000000005,0.01696011131232308,0.0,0.30442730794850775,0.05199703948767097,0.9476836349374802,0.013468125180100082,0.9890519917865807,0.30442730794850775
0.30850000000000005,0.01696677797898975,0.0,0.2943564594590432,0.05097877689801475,0.9481950890821362,0.012970621910969309,0.9892650048191688,0.2943564594590432
0.30900000000000005,0.016973444645656414,0.0,0.28486113543204494,0.04998044748594955,0.9487041756563039,0.012502043787459591,0.9894749536196027,0.28486113543204494
0.30950000000000005,0.016980111312323083,0.0,0.27590936149252016,0.04900171865359537,0.9492109646906433,0.012060767681706667,0.9896818955693797,0.27590936149252016
0.31000000000000005,0.01698677797898975,0.0,0.267469750231937,0.04804210132767539,0.9497155322883761,0.011645184935139139,0.9898858892278346,0.267469750231937
0.31050000000000005,0.016993444645656414,0.0,0.2595141770806315,0.04710124958210289,0.9502179442498087,0.01125383756112883,0.9900869877011393,0.2595141770806315
0.31100000000000005,0.017000111312323082,0.0,0.2520159137140324,0.04617881827676403,0.9507182663439578,0.010885344398663163,0.9902852429114197,0.2520159137140324
0.31150000000000005,0.017006777978989748,0.0,0.24494955052308195,0.04527446227154497,0.9512165643398413,0.010538397361427138,0.9904807056207646,0.24494955052308195
0.31200000000000006,0.017013444645656416,0.0,0.2382909266904419,0.044387836426331866,0.9517129040064758,0.010211758149742787,0.9906734254420487,0.2382909266904419
0.31250000000000006,0.01702011131232308,0.0,0.2320170625014338,0.04351859560101089,0.9522073511128788,0.009904255055799956,0.9908634508494094,0.2320170625014338
0.31300000000000006,0.017026777978989747,0.0,0.22610609389148495,0.04266639465546818,0.9526999714280676,0.009614779865363784,0.9910508291883775,0.22610609389148495
0.31350000000000006,0.017033444645656416,0.0,0.22053720922893963,0.04183088844958992,0.9531908307210594,0.009342284858309215,0.9912356066856619,0.22053720922893963
0.31400000000000006,0.01704011131232308,0.0,0.215291196823681,0.04101176473551296,0.9536799906820221,0.009085790280973182,0.9914178269471298,0.215291196823681
0.31450000000000006,0.01704677797898975,0.0,0.2103496878387952,0.04020869823854164,0.9541675134199009,0.008844365556811624,0.9915975326955402,0.2103496878387952
0.31500000000000006,0.017053444645656415,0.0,0.20569434840576764,0.0394213068676393,0.9546534666614539,0.008617114816070557,0.9917747676567045,0.20569434840576764
0.31550000000000006,0.01706011131232308,0.0,0.20130947998936147,0.0386493093211847,0.9551379056721166,0.008403221691375964,0.9919495699700643,0.20130947998936147
0.31600000000000006,0.01706677797898975,0.0,0.1971800938315472,0.037892424297556605,0.9556208857173244,0.00820191402053226,0.9921219768619409,0.1971800938315472
0.31650000000000006,0.017073444645656414,0.0,0.1932918684871245,0.0371503704951338,0.9561024620625125,0.00801246172847888,0.9922920246521074,0.1932918684871245
0.31700000000000006,0.017080111312323083,0.0,0.1896311089383241,0.03642286661229503,0.9565826899731164,0.00783417478666474,0.9924597487601179,0.1896311089383241
0.31750000000000006,0.017086777978989748,0.0,0.186184707287678,0.0357096313474191,0.9570616247145712,0.007666401249267646,0.9926251837113907,0.186184707287678
0.31800000000000006,0.017093444645656417,0.0,0.18294010502981659,0.03501038339888476,0.9575393215523125,0.0075085253654270994,0.9927883631430483,0.18294010502981659
0.31850000000000006,0.017100111312323082,0.0,0.17988525690169116,0.034324841465070775,0.9580158357517755,0.007359965766435508,0.9929493198095124,0.17988525690169116
0.31900000000000006,0.017106777978989747,0.0,0.177008596311602,0.033652724244355926,0.9584912225783957,0.0072201737266386744,0.9931080855878549,0.177008596311602
0.31950000000000006,0.017113444645656416,0.0,0.17430087961225052,0.03299382292393826,0.9589655233122383,0.007088646023924831,0.9932646868918461,0.17430087961225052
0.32000000000000006,0.01712011131232308,0.0,0.17175179639366336,0.032347822146606024,0.9594387899345196,0.00696488590220185,0.9934191529520959,0.17175179639366336
0.32050000000000006,0.01712677797898975,0.0,0.16935119198927906,0.03171441060725164,0.9599110760938043,0.006848426438813911,0.993571512720173,0.16935119198927906
0.32100000000000006,0.017133444645656415,0.0,0.1670912318081939,0.03109336684078031,0.9603824204879736,0.006738844012617084,0.993721789574433,0.1670912318081939
0.32150000000000006,0.01714011131232308,0.0,0.1649643597440403,0.03048446938209722,0.9608528618149088,0.0066357383101469354,0.9938700062876695,0.1649643597440403
0.32200000000000006,0.01714677797898975,0.0,0.1629632797252894,0.02988749676610756,0.9613224387724909,0.006538731162442813,0.9940161850299691,0.1629632797252894
0.32250000000000006,0.017153444645656414,0.0,0.16108093803923385,0.029302227527716523,0.9617911900586013,0.0064474654303109105,0.9941603473714483,0.16108093803923385
0.32300000000000006,0.017160111312323083,0.0,0.15931050643069583,0.0287284402018293,0.9622591543711209,0.006361603936800131,0.9943025142848685,0.15931050643069583
0.32350000000000007,0.017166777978989748,0.0,0.15764536597393822,0.02816591332335109,0.9627263704079311,0.006280828445624753,0.994442706148133,0.15764536597393822
0.32400000000000007,0.017173444645656417,0.0,0.1560790917193116,0.027614425427187075,0.963192876866913,0.006204838684235945,0.9945809427466631,0.1560790917193116
0.32450000000000007,0.017180111312323082,0.0,0.15460543811335553,0.027073755048242453,0.9636587124459479,0.00613335141022195,0.9947172432756548,0.15460543811335553
0.32500000000000007,0.017186777978989747,0.0,0.15321832519334055,0.02654368072142242,0.9641239158429169,0.006066099519700474,0.9948516263422156,0.15321832519334055
0.32550000000000007,0.017193444645656416,0.0,0.15191182555558527,0.02602398098163216,0.9645885257557011,0.006002831196358931,0.9949841099673814,0.15191182555558527
0.32600000000000007,0.01720011131232308,0.0,0.15068211172219526,0.02551447430181413,0.9650525651807115,0.005943313755989207,0.9951147071982063,0.15068211172219526
0.32650000000000007,0.01720677797898975,0.0,0.1495257664417078,0.02501493818688634,0.9655160546078163,0.005887322810379421,0.9952434300407556,0.1495257664417078
0.32700000000000007,0.017213444645656415,0.0,0.14843765132789397,0.024525151097070864,0.965979029126932,0.005834647174370246,0.9953702941634155,0.14843765132789397
0.32750000000000007,0.01722011131232308,0.0,0.14741420284234924,0.02404493859238,0.9664415119344048,0.005785092846608368,0.9954953115150053,0.14741420284234924
0.32800000000000007,0.01722677797898975,0.0,0.14645193583532518,0.02357412623282605,0.9669035262265803,0.005738476673585742,0.9956184936950614,0.14645193583532518
0.32850000000000007,0.017233444645656414,0.0,0.14554743778931875,0.023112539578421323,0.9673650951998047,0.005694625790286339,0.9957398519547288,0.14554743778931875
0.32900000000000007,0.017240111312323083,0.0,0.14469736334113517,0.022660004189178108,0.967826242050424,0.005653377086064833,0.9958593971976084,0.14469736334113517
0.32950000000000007,0.017246777978989748,0.0,0.14389842908165287,0.022216345625108713,0.968286989974784,0.005614576694889393,0.9959771399805623,0.14389842908165287
0.33000000000000007,0.017253444645656413,0.0,0.1431474086340749,0.021781389446225444,0.9687473621692309,0.005578079509090928,0.9960930905144751,0.1431474086340749
0.33050000000000007,0.017260111312323082,0.0,0.14244112801005696,0.02135496121254059,0.9692073818301103,0.005543748715772879,0.9962072586649735,0.14244112801005696
0.33100000000000007,0.017266777978989747,0.0,0.14177646124390297,0.020936886484066466,0.9696670721537685,0.005511455355048852,0.9963196539531013,0.14177646124390297
0.3315000000000001,0.017273444645656416,0.0,0.14115058116265733,0.02052700242925721,0.9701264542266934,0.005481078765113371,0.9964302850517206,0.14115058116265733
0.3320000000000001,0.01728011131232308,0.0,0.1405629748728598,0.020125201349093493,0.9705855302515318,0.0054525091036659685,0.9965391558776658,0.1405629748728598
0.3325000000000001,0.01728677797898975,0.0,0.14000983724935986,0.01973121814583343,0.9710443299362993,0.005425631607647355,0.9966462766846484,0.14000983724935986
0.3330000000000001,0.017293444645656415,0.0,0.1394895082562227,0.019344917231782232,0.9715028654662367,0.005400347412937645,0.9967516532934584,0.1394895082562227
0.3335000000000001,0.01730011131232308,0.0,0.1390003499238485,0.0189661630192451,0.9719611490265848,0.005376563175031819,0.9968552913443625,0.1390003499238485
0.3340000000000001,0.01730677797898975,0.0,0.1385407447234974,0.018594819920527247,0.9724191928025847,0.005354190783835179,0.996957196297356,0.1385407447234974
0.3345000000000001,0.017313444645656415,0.0,0.13810909401870097,0.01823075234793387,0.9728770089794772,0.005333147091516544,0.9970573734324025,0.13810909401870097
0.3350000000000001,0.017320111312323083,0.0,0.13770381659365802,0.01787382471377018,0.9733346097425031,0.005313353652937347,0.9971558278496615,0.13770381659365802
0.3355000000000001,0.01732677797898975,0.0,0.13732334725785109,0.01752390143034138,0.9737920072769035,0.005294736478185292,0.9972525644697045,0.13732334725785109
0.3360000000000001,0.017333444645656414,0.0,0.13696613552802872,0.017180846909952675,0.9742492137679192,0.005277225796751971,0.9973475880337187,0.13696613552802872
0.3365000000000001,0.017340111312323082,0.0,0.1366306443864374,0.016844525564909275,0.9747062414007911,0.005260755832904654,0.9974409031036998,0.1366306443864374
0.3370000000000001,0.017346777978989748,0.0,0.13631534911596738,0.016514801807516386,0.9751631023607601,0.0052452645918138014,0.9975325140626317,0.13631534911596738
0.3375000000000001,0.017353444645656416,0.0,0.13601873621222474,0.01619154005007921,0.975619808833067,0.005230693656009024,0.9976224251146552,0.13601873621222474
0.3380000000000001,0.01736011131232308,0.0,0.13573930237189824,0.01587460470490295,0.9760763730029529,0.005216987991747731,0.9977106402852246,0.13573930237189824
0.3385000000000001,0.01736677797898975,0.0,0.1354763798521498,0.015563894150565485,0.9765328000733318,0.00520409718385003,0.9977971621104071,0.1354763798521498
0.3390000000000001,0.017373444645656416,0.0,0.13522977301862332,0.015259275866820377,0.9769890912995726,0.00519197236447329,0.9978819923231224,0.13522977301862332
0.3395000000000001,0.01738011131232308,0.0,0.13499786661743546,0.014960588746160472,0.9774452599832247,0.005180566425658382,0.9979651348111027,0.13499786661743546
0.3400000000000001,0.01738677797898975,0.0,0.1347799513984437,0.014667729358781783,0.9779013118171408,0.0051698372651537055,0.998046591922387,0.1347799513984437
0.3405000000000001,0.017393444645656415,0.0,0.13457532247091938,0.01438059427488032,0.9783572524941737,0.005159745142011022,0.9981263659215962,0.13457532247091938
0.3410000000000001,0.017400111312323083,0.0,0.13438327896849184,0.014099080064652094,0.9788130877071763,0.005150252553502104,0.9982044589899848,0.13438327896849184
0.3415000000000001,0.01740677797898975,0.0,0.13420312373010349,0.01382308329829312,0.9792688231490013,0.005141324117779696,0.9982808732254904,0.13420312373010349
0.3420000000000001,0.017413444645656414,0.0,0.134034162998316,0.013552500545999407,0.9797244645125015,0.0051329264620593625,0.9983556106427808,0.134034162998316
0.3425000000000001,0.017420111312323083,0.0,0.13387570613403182,0.013287228377966965,0.9801800174905296,0.005125028116104929,0.9984286731732972,0.13387570613403182
0.3430000000000001,0.017426777978989748,0.0,0.13372706534789824,0.01302716336439181,0.9806354877759386,0.005117599410806347,0.9985000626652967,0.13372706534789824
0.3435000000000001,0.017433444645656417,0.0,0.13358755544894813,0.01277220207546995,0.981090881061581,0.005110612381644872,0.9985697808838909,0.13358755544894813
0.3440000000000001,0.017440111312323082,0.0,0.13345649360928297,0.012522241081397396,0.9815462030403098,0.005104040676846514,0.9986378295110822,0.13345649360928297
0.3445000000000001,0.017446777978989747,0.0,0.13333319914617348,0.012277176952370161,0.9820014594049777,0.005097859470030675,0.9987042101457974,0.13333319914617348
0.3450000000000001,0.017453444645656416,0.0,0.13321699332049458,0.012036906258584256,0.9824566558484377,0.00509204537716683,0.9987689243039194,0.13321699332049458
0.3455000000000001,0.01746011131232308,0.0,0.13310810514963128,0.011801401514612059,0.9829117903398946,0.005086578157644281,0.9988319723624491,0.13310810514963128
0.3460000000000001,0.01746677797898975,0.0,0.13300586632154435,0.011570490029771537,0.983366868502862,0.005081435302553468,0.9988933557463957,0.13300586632154435
0.3465000000000001,0.017473444645656415,0.0,0.1329097202572361,0.011344062253620895,0.9838218950207548,0.0050765971553641724,0.9989530756771221,0.1329097202572361
0.3470000000000001,0.017480111312323084,0.0,0.13281938710441138,0.011122042034669032,0.9842768722258572,0.0050720459233873335,0.999011133011992,0.13281938710441138
0.3475000000000001,0.01748677797898975,0.0,0.13273458777161085,0.010904353221424842,0.9847318024504539,0.005067764807403521,0.9990675285743521,0.13273458777161085
0.3480000000000001,0.017493444645656414,0.0,0.13265504387032412,0.010690919662397226,0.985186688026829,0.005063737950133119,0.999122263153542,0.13265504387032412
0.3485000000000001,0.017500111312323083,0.0,0.13258047765967862,0.010481665206095076,0.9856415312872667,0.0050599503871024175,0.9991753375049018,0.13258047765967862
0.3490000000000001,0.017506777978989748,0.0,0.1325106119939675,0.010276513701027293,0.9860963345640514,0.005056387999811925,0.9992267523497809,0.1325106119939675
0.3495000000000001,0.017513444645656417,0.0,0.13244517027312797,0.01007538899570277,0.9865511001894677,0.005053037471115863,0.999276508375545,0.13244517027312797
0.3500000000000001,0.017520111312323082,0.0,0.13238387639590612,0.009878214938630406,0.9870058304957995,0.005049886242724529,0.9993246062355844,0.13238387639590612
0.3505000000000001,0.017526777978989747,0.0,0.1323264547159027,0.009684915378319095,0.9874605278153313,0.005046922474743862,0.9993710465493196,0.1323264547159027
0.3510000000000001,0.017533444645656416,0.0,0.1322726300004165,0.009495414163277737,0.9879151944803476,0.0050441350071691845,0.9994158299022087,0.1322726300004165
0.3515000000000001,0.01754011131232308,0.0,0.1322221273919885,0.009309635142015228,0.9883698328231324,0.005041513323252643,0.9994589568457525,0.1322221273919885
0.3520000000000001,0.01754677797898975,0.0,0.1321746723730065,0.009127502163040462,0.9888244451759702,0.005039047514666439,0.9995004278975004,0.1321746723730065
0.3525000000000001,0.017553444645656415,0.0,0.13212999073280343,0.008948939074862338,0.9892790338711454,0.0050367282483864285,0.9995402435410558,0.13212999073280343
0.3530000000000001,0.01756011131232308,0.0,0.1320878085378572,0.008773869725989751,0.9897336012409421,0.005034546735223125,0.99957840422608,0.1320878085378572
0.3535000000000001,0.01756677797898975,0.0,0.13204785210466388,0.0086022179649316,0.9901881496176449,0.005032494699929567,0.9996149103682971,0.13204785210466388
0.3540000000000001,0.017573444645656414,0.0,0.13201065132803955,0.00843398300152115,0.990642674456533,0.0050305652259293645,0.9996497618346943,0.13201065132803955
0.3545000000000001,0.017580111312323083,0.0,0.13197564365144945,0.008269010068806721,0.991097180563981,0.0050287500013633775,0.9996829592243586,0.13197564365144945
0.3550000000000001,0.017586777978989748,0.0,0.13194270631835095,0.008107241666339656,0.9915516689836466,0.005027042335967733,0.9997145028121525,0.13194270631835095
0.3555000000000001,0.017593444645656417,0.0,0.13191173824740277,0.007948623259635166,0.9920061405745242,0.0050254359457079945,0.999744392845943,0.13191173824740277
0.3560000000000001,0.017600111312323082,0.0,0.13188263844966655,0.007793100314208462,0.9924605961956086,0.005023924897806017,0.9997726295610974,0.13188263844966655
0.3565000000000001,0.017606777978989747,0.0,0.13185530602156056,0.007640618295574756,0.9929150367058945,0.005022503592483236,0.9997992131804847,0.13185530602156056
0.3570000000000001,0.017613444645656416,0.0,0.1318296401378635,0.007491122669249257,0.9933694629643766,0.005021166745556463,0.9998241439144769,0.1318296401378635
0.3575000000000001,0.01762011131232308,0.0,0.13180554004511333,0.0073445589007471775,0.9938238758300495,0.00501990937185246,0.9998474219609494,0.13180554004511333
0.3580000000000001,0.01762677797898975,0.0,0.1317829050556637,0.007200872455583729,0.9942782761619079,0.005018726769408633,0.9998690475052824,0.1317829050556637
0.3585000000000001,0.017633444645656415,0.0,0.1317616345417076,0.00706000879927412,0.9947326648189464,0.005017614504428116,0.9998890207203618,0.1317616345417076
0.3590000000000001,0.01764011131232308,0.0,0.13174162793011035,0.006921913397333565,0.9951870426601598,0.005016568396958553,0.9999073417665795,0.13174162793011035
0.3595000000000001,0.01764677797898975,0.0,0.1317227846972786,0.006786531715277273,0.9956414105445426,0.00501558450726485,0.9999240107918351,0.1317227846972786
0.3600000000000001,0.017653444645656415,0.0,0.13170500436456317,0.006653809218620455,0.9960957693310896,0.005014659122867075,0.9999390279315358,0.13170500436456317
0.3605000000000001,0.017660111312323083,0.0,0.13168818649412525,0.006523691372878322,0.9965501198787954,0.005013788746215677,0.9999523933085973,0.13168818649412525
0.3610000000000001,0.01766677797898975,0.0,0.1316722306849226,0.006396123643566086,0.9970044630466547,0.005012970082977045,0.9999641070334445,0.1316722306849226
0.3615000000000001,0.017673444645656414,0.0,0.1316570365694076,0.006271051496198957,0.9974587996936622,0.0050122000309033915,0.9999741692040123,0.1316570365694076
0.3620000000000001,0.017680111312323082,0.0,0.13164250533483662,0.0061484207696658535,0.9979131306657447,0.00501147567149136,0.999982579905527,0.13164250533483662
0.3625000000000001,0.017686777978989748,0.0,0.13162886937420848,0.006028231920955595,0.9983674539697086,0.005010794570220376,0.9999893391738359,0.13162886937420848
0.3630000000000001,0.017693444645656416,0.0,0.13161589592131923,0.005910371681694982,0.9988217715999121,0.005010153778300818,0.9999944471113489,0.13161589592131923
0.3635000000000001,0.01770011131232308,0.0,0.1316035487954662,0.005794801061032798,0.9992760838657146,0.005009550947156524,0.999997903781722,0.1316035487954662
0.3640000000000001,0.01770677797898975,0.0,0.13159179182743858,0.005681481068117826,0.9997303910764758,0.005008983858970815,0.9999997092441134,0.13159179182743858
0.3645000000000001,0.017713444645656416,0.0,0.1315805888585327,0.005570372712098849,1.0001846935415548,0.005008450419923905,0.9999998635531828,0.1315805888585327
0.3650000000000001,0.01772011131232308,0.0,0.13156990373990618,0.005461437002124651,1.000638991570311,0.00500794865374419,0.9999983667590923,0.13156990373990618
0.3655000000000001,0.01772677797898975,0.0,0.1315597003317201,0.0053546349473440145,1.0010932854721044,0.005007476695561103,0.999995218907506,0.1315597003317201
0.3660000000000001,0.017733444645656415,0.0,0.13154994250252297,0.005249927556905723,1.001547575556294,0.00500703278604754,0.9999904200395903,0.13154994250252297
0.3665000000000001,0.017740111312323083,0.0,0.1315405941286296,0.005147275839958559,1.0020018621322393,0.0050066152658402654,0.999983970192014,0.1315405941286296
0.3670000000000001,0.01774677797898975,0.0,0.13153161909346622,0.005046640805651308,1.0024561455092997,0.005006222570227064,0.9999758693969486,0.13153161909346622
0.3675000000000001,0.017753444645656417,0.0,0.13152298128714496,0.0049479834631327504,1.0029104259968347,0.0050058532240897305,0.9999661176820678,0.13152298128714496
0.3680000000000001,0.017760111312323083,0.0,0.1315146446057423,0.004851264821551671,1.003364703904204,0.005005505837092368,0.9999547150705481,0.1315146446057423
0.3685000000000001,0.017766777978989748,0.0,0.131506572951248,0.004756445890056854,1.0038189795407666,0.005005179099104787,0.9999416615810688,0.131506572951248
0.3690000000000001,0.017773444645656417,0.0,0.13149873023083264,0.0046634876777970815,1.0042732532158825,0.0050048717758511265,0.9999269572278118,0.13149873023083264
0.3695000000000001,0.017780111312323082,0.0,0.13149108035663323,0.004572351193921137,1.0047275252389105,0.0050045827047741605,0.9999106020204619,0.13149108035663323
0.3700000000000001,0.01778677797898975,0.0,0.13148358724551953,0.004482997447577802,1.0051817959192104,0.0050043107911060675,0.9998925959642067,0.13148358724551953
0.3705000000000001,0.017793444645656416,0.0,0.13147622015327767,0.004395391365389855,1.005636065520383,0.005004055015702409,0.9998729390617997,0.13147622015327767
0.3710000000000001,0.01780011131232308,0.0,0.1314690753801568,0.004309560440378449,1.006090333216276,0.005003814595273273,0.9998516313652589,0.1314690753801568
0.3715000000000001,0.01780677797898975,0.0,0.13146204575291867,0.004225381474407335,1.006544599926089,0.00500358836370929,0.9998286728472298,0.13146204575291867
0.3720000000000001,0.017813444645656415,0.0,0.13145512012331792,0.0041428279934227884,1.0069988657453763,0.005003375500169436,0.9998040635131128,0.13145512012331792
0.3725000000000001,0.017820111312323084,0.0,0.13144828734455283,0.004061873523371082,1.0074531307696932,0.0050031752290268855,0.9997778033669195,0.13144828734455283
0.3730000000000001,0.01782677797898975,0.0,0.13144153627101712,0.003982491590198491,1.0079073950945938,0.005002986817563619,0.999749892411272,0.13144153627101712
0.3735000000000001,0.017833444645656414,0.0,0.1314348557583595,0.003904655719851288,1.008361658815633,0.005002809573770064,0.9997203306474038,0.1314348557583595
0.3740000000000001,0.017840111312323083,0.0,0.13142823466343753,0.0038283394382757478,1.0088159220283655,0.00500264284424572,0.9996891180751591,0.13142823466343753
0.3745000000000001,0.017846777978989748,0.0,0.13142166184423534,0.003753516271418144,1.0092701848283456,0.0050024860121968715,0.9996562546929932,0.13142166184423534
0.3750000000000001,0.017853444645656417,0.0,0.13141512615990952,0.0036801597452247514,1.0097244473111284,0.005002338495527575,0.9996217404979724,0.13141512615990952
0.3755000000000001,0.017860111312323082,0.0,0.13140861647070232,0.003608243385641843,1.0101787095722685,0.005002199745020241,0.9995855754857736,0.13140861647070232
0.3760000000000001,0.01786677797898975,0.0,0.13140212163806606,0.0035377407186156927,1.0106329717073204,0.005002069242602231,0.9995477596506853,0.13140212163806606
0.3765000000000001,0.017873444645656416,0.0,0.131395630524448,0.003468625270092575,1.0110872338118386,0.005001946499695011,0.9995082929856065,0.131395630524448
0.3770000000000001,0.01788011131232308,0.0,0.13138913199343788,0.0034008705660187634,1.0115414959813782,0.005001831055642506,0.9994671754820473,0.13138913199343788
0.3775000000000001,0.01788677797898975,0.0,0.13138261490978265,0.003334450132340532,1.0119957583114936,0.005001722476215404,0.9994244071301289,0.13138261490978265
0.3780000000000001,0.017893444645656415,0.0,0.13137606813921285,0.0032693374950041555,1.0124500208977396,0.005001620352188262,0.9993799879185834,0.13137606813921285
0.3785000000000001,0.017900111312323084,0.0,0.13136948054875608,0.0032055061799559064,1.0129042838356705,0.0050015242979863815,0.9993339178347538,0.13136948054875608
0.3790000000000001,0.01790677797898975,0.0,0.13136284100638,0.0031429297131420598,1.0133585472208413,0.005001433950399497,0.9992861968645942,0.13136284100638
0.3795000000000001,0.017913444645656414,0.0,0.13135613838132892,0.003081581620508889,1.0138128111488065,0.005001348967359444,0.9992368249926696,0.13135613838132892
0.3800000000000001,0.017920111312323083,0.0,0.13134936154399673,0.0030214354280026683,1.0142670757151209,0.0050012690267790495,0.999185802202156,0.13134936154399673
0.3805000000000001,0.01792677797898975,0.0,0.1313424993659422,0.002962464661569672,1.014721341015339,0.005001193825449599,0.9991331284748404,0.1313424993659422
0.3810000000000001,0.017933444645656417,0.0,0.13133554072006073,0.002904642847156173,1.0151756071450155,0.005001123077994311,0.9990788037911206,0.13133554072006073
0.3815000000000001,0.017940111312323082,0.0,0.13132850828271342,0.0028479733390044224,1.0156298739095944,0.005001056551288418,0.9990228281662807,0.13132850828271342
0.3820000000000001,0.017946777978989747,0.0,0.13132140791297947,0.0027924186576942798,1.0160841412588393,0.0050009939758480886,0.9989652015998628,0.13132140791297947
0.3825000000000001,0.017953444645656416,0.0,0.13131421524511855,0.0027379350396281484,1.0165384094019303,0.005000935092706025,0.9989059240578165,0.13131421524511855
0.3830000000000001,0.01796011131232308,0.0,0.13130692716657705,0.00268450517822146,1.0169926783656478,0.00500087968806185,0.9988449955278466,0.13130692716657705
0.3835000000000001,0.01796677797898975,0.0,0.13129954056548393,0.002632111766889647,1.0174469481767714,0.005000827559912923,0.9987824159972682,0.13129954056548393
0.3840000000000001,0.017973444645656415,0.0,0.13129205233019417,0.002580737499048142,1.017901218862082,0.005000778517451196,0.9987181854530074,0.13129205233019417
0.3845000000000001,0.017980111312323084,0.0,0.1312844593497413,0.0025303650681123765,1.0183554904483592,0.005000732380487648,0.9986523038816008,0.1312844593497413
0.3850000000000001,0.01798677797898975,0.0,0.1312767585134779,0.002480977167497783,1.0188097629623833,0.005000688978903248,0.9985847712691958,0.1312767585134779
0.3855000000000001,0.017993444645656415,0.0,0.1312689467113222,0.0024325564906197937,1.0192640364309349,0.005000648152125379,0.9985155876015505,0.1312689467113222
0.3860000000000001,0.018000111312323083,0.0,0.13126102083377145,0.0023850857308938406,1.0197183108807937,0.005000609748628766,0.9984447528640334,0.13126102083377145
0.3865000000000001,0.01800677797898975,0.0,0.13125297777169462,0.0023385475817353563,1.02017258633874,0.005000573625459896,0.9983722670416243,0.13125297777169462
0.3870000000000001,0.018013444645656417,0.0,0.13124481441663557,0.0022929247365597724,1.0206268628315545,0.005000539647784006,0.998298130118913,0.13124481441663557
0.3875000000000001,0.018020111312323082,0.0,0.1312365276605793,0.0022481998887825213,1.0210811403860167,0.0050005076884537345,0.9982223420801002,0.1312365276605793
0.3880000000000001,0.018026777978989748,0.0,0.13122811439618667,0.0022043557318190353,1.021535419028907,0.005000477627598523,0.9981449029089976,0.13122811439618667
0.3885000000000001,0.018033444645656416,0.0,0.13121957151665792,0.0021613749590847463,1.0219896987870056,0.0050004493522339466,0.998065812589027,0.13121957151665792
0.3890000000000001,0.01804011131232308,0.0,0.13121089591570662,0.002119240263995087,1.0224439796870928,0.005000422755890114,0.9979850711032214,0.13121089591570662
0.3895000000000001,0.01804677797898975,0.0,0.13120208448776793,0.002077934339965489,1.0228982617559488,0.005000397738258364,0.9979026784342242,0.13120208448776793
0.3900000000000001,0.018053444645656416,0.0,0.13119313412784955,0.0020374398804113847,1.0233525450203536,0.005000374204855451,0.9978186345642894,0.13119313412784955
0.3905000000000001,0.01806011131232308,0.0,0.13118404173158926,0.0019977395787482066,1.0238068295070877,0.00500035206670451,0.9977329394752819,0.13118404173158926
0.3910000000000001,0.01806677797898975,0.0,0.13117480419540928,0.001958816128391386,1.0242611152429308,0.005000331240032035,0.997645593148677,0.13117480419540928
0.3915000000000001,0.018073444645656415,0.0,0.13116541841623075,0.0019206522227563556,1.0247154022546634,0.005000311645980214,0.9975565955655608,0.13116541841623075
0.3920000000000001,0.018080111312323083,0.0,0.13115588241906878,0.0018832350110177928,1.0251696905593843,0.005000293212554144,0.9974659467085794,0.13115588241906878
0.3925000000000001,0.01808677797898975,0.0,0.13114621141336158,0.0018465961515755263,1.0256239800266074,0.005000275893064989,0.9973736465903841,0.13114621141336158
0.3930000000000001,0.018093444645656417,0.0,0.13113639225446583,0.0018106563531212322,1.0260782707693592,0.005000259590292435,0.9972796951747199,0.13113639225446583
0.3935000000000001,0.018100111312323083,0.0,0.13112642420547316,0.0017754049212873309,1.026532562794112,0.005000244245970759,0.997184092446306,0.13112642420547316
0.39400000000000013,0.018106777978989748,0.0,0.13111630652995396,0.001740831161706241,1.0269868561073376,0.005000229805002057,0.9970868383897674,0.13111630652995396
0.39450000000000013,0.018113444645656417,0.0,0.13110603849181007,0.0017069243800103824,1.0274411507155086,0.005000216215297394,0.996987932989635,0.13110603849181007
0.39500000000000013,0.018120111312323082,0.0,0.13109561935525182,0.0016736738818321744,1.027895446625097,0.005000203427625044,0.9968873762303455,0.13109561935525182
0.39550000000000013,0.01812677797898975,0.0,0.13108504838500853,0.0016410689728040364,1.0283497438425748,0.005000191395465553,0.9967851680962415,0.13108504838500853
0.39600000000000013,0.018133444645656416,0.0,0.13107432484608536,0.001609098958558388,1.0288040423744143,0.005000180074873354,0.9966813085715718,0.13107432484608536
0.39650000000000013,0.018140111312323084,0.0,0.13106344800390532,0.0015777531447276486,1.0292583422270878,0.0050001694243447,0.9965757976404904,0.13106344800390532
0.39700000000000013,0.01814677797898975,0.0,0.13105241712428597,0.0015470208369442373,1.0297126434070674,0.00500015940469166,0.9964686352870579,0.13105241712428597
0.39750000000000013,0.018153444645656415,0.0,0.13104123147349914,0.0015168913408405741,1.030166945920825,0.005000149978921955,0.99635982149524,0.13104123147349914
0.39800000000000013,0.018160111312323084,0.0,0.13102989031813753,0.001487353962049078,1.030621249774833,0.00500014111212439,0.9962493562489092,0.13102989031813753
0.39850000000000013,0.01816677797898975,0.0,0.13101839292521575,0.0014583980062021688,1.0310755549755637,0.00500013277135967,0.9961372395318429,0.13101839292521575
0.39900000000000013,0.018173444645656418,0.0,0.13100673856224335,0.001430012778932266,1.031529861529489,0.005000124925556383,0.996023471327725,0.13100673856224335
0.39950000000000013,0.018180111312323083,0.0,0.13099492649702316,0.0014021875858717884,1.0319841694430811,0.0050001175454119475,0.9959080516201451,0.13099492649702316
0.40000000000000013,0.018186777978989748,0.0,0.13098295599786217,0.001374911732653156,1.0324384787228125,0.005000110603298307,0.9957909803925986,0.13098295599786217
0.40050000000000013,0.018193444645656417,0.0,0.13097082633353468,0.001348174524908788,1.0328927893751547,0.0050001040731721905,0.9956722576284869,0.13097082633353468
0.40100000000000013,0.018200111312323082,0.0,0.13095853677309446,0.001321965268271104,1.0333471014065805,0.005000097930489749,0.995551883311117,0.13095853677309446
0.40150000000000013,0.01820677797898975,0.0,0.13094608658616808,0.0012962732683725236,1.033801414823562,0.005000092152125372,0.9954298574237019,0.13094608658616808
0.40200000000000014,0.018213444645656416,0.0,0.13093347504275335,0.0012710878308454655,1.034255729632571,0.005000086716294527,0.9953061799493608,0.13093347504275335
0.40250000000000014,0.01822011131232308,0.0,0.13092070141333387,0.0012463982613223502,1.0347100458400798,0.005000081602480431,0.9951808508711183,0.13092070141333387
0.40300000000000014,0.01822677797898975,0.0,0.13090776496881498,0.0012221938654355963,1.0351643634525607,0.005000076791364404,0.9950538701719048,0.13090776496881498
0.40350000000000014,0.018233444645656415,0.0,0.13089466498056979,0.0011984639488176237,1.0356186824764857,0.005000072264759734,0.9949252378345571,0.13089466498056979
0.40400000000000014,0.018240111312323084,0.0,0.13088140072042992,0.0011751978171008516,1.0360730029183272,0.005000068005548911,0.9947949538418175,0.13088140072042992
0.40450000000000014,0.01824677797898975,0.0,0.13086797146063558,0.0011523847759176997,1.0365273247845572,0.005000063997624069,0.9946630181763338,0.13086797146063558
0.40500000000000014,0.018253444645656418,0.0,0.13085437647401868,0.001130014130900587,1.0369816480816478,0.0050000602258305,0.9945294308206606,0.13085437647401868
0.40550000000000014,0.018260111312323083,0.0,0.13084061661178487,0.001108097240757829,1.0374359728025024,0.005000056679523124,0.9943941917613212,0.13084061661178487
0.40600000000000014,0.01826677797898975,0.0,0.13082669346738346,0.0010866137040249878,1.0378902989336438,0.005000053343334364,0.9942573009868765,0.13082669346738346
0.40650000000000014,0.018273444645656417,0.0,0.13081260642747464,0.001065540907394691,1.0383446264805716,0.005000050202644647,0.9941187584802618,0.13081260642747464
0.40700000000000014,0.018280111312323082,0.0,0.13079835530962214,0.0010448725162843508,1.0387989554450832,0.005000047246252626,0.9939785642254818,0.13079835530962214
0.40750000000000014,0.01828677797898975,0.0,0.13078393993181517,0.0010246021961113788,1.0392532858289758,0.005000044463566512,0.9938367182065149,0.13078393993181517
0.40800000000000014,0.018293444645656416,0.0,0.13076936011233253,0.001004723612293187,1.039707617634047,0.005000041844573458,0.9936932204073133,0.13076936011233253
0.40850000000000014,0.01830011131232308,0.0,0.1307546156698949,0.0009852304302471876,1.0401619508620936,0.005000039379810294,0.9935480708118031,0.1307546156698949
0.40900000000000014,0.01830677797898975,0.0,0.13073970642351518,0.0009661163153907925,1.0406162855149135,0.00500003706033559,0.9934012694038841,0.13073970642351518
0.40950000000000014,0.018313444645656415,0.0,0.13072463219258207,0.0009473749331414136,1.0410706215943037,0.0050000348777029914,0.99325281616743,0.13072463219258207
0.41000000000000014,0.018320111312323084,0.0,0.13070939279688898,0.000928999948916463,1.0415249591020617,0.00500003282393576,0.9931027110862884,0.13070939279688898
0.41050000000000014,0.01832677797898975,0.0,0.13069398805651178,0.0009109850281333525,1.0419792980399847,0.005000030891502505,0.9929509541442806,0.13069398805651178
0.41100000000000014,0.018333444645656415,0.0,0.13067841779197478,0.0008933238362094942,1.04243363840987,0.0050000290732940345,0.9927975453252016,0.13067841779197478
0.41150000000000014,0.018340111312323083,0.0,0.13066268182415616,0.0008760100385623,1.0428879802135151,0.005000027362601281,0.9926424846128206,0.13066268182415616
0.41200000000000014,0.01834677797898975,0.0,0.13064677997424784,0.0008590373006091821,1.0433423234527173,0.005000025753094282,0.9924857719908802,0.13064677997424784
0.41250000000000014,0.018353444645656417,0.0,0.1306307120638943,0.0008423992877675523,1.0437966681292736,0.005000024238802149,0.9923274074430971,0.1306307120638943
0.41300000000000014,0.018360111312323082,0.0,0.13061447791498787,0.0008260896654548224,1.044251014244982,0.005000022814093993,0.9921673909531616,0.13061447791498787
0.41350000000000015,0.01836677797898975,0.0,0.13059807734995854,0.0008101020990884047,1.044705361801639,0.005000021473660779,0.9920057225047382,0.13059807734995854
0.41400000000000015,0.018373444645656416,0.0,0.13058151019148678,0.0007944302540857111,1.0451597108010424,0.005000020212498048,0.9918424020814649,0.13058151019148678
0.41450000000000015,0.01838011131232308,0.0,0.13056477626264226,0.0007790677958641535,1.0456140612449896,0.005000019025889489,0.9916774296669534,0.13056477626264226
0.41500000000000015,0.01838677797898975,0.0,0.13054787538694018,0.0007640083898411438,1.0460684131352778,0.0050000179093913225,0.9915108052447895,0.13054787538694018
0.41550000000000015,0.018393444645656416,0.0,0.13053080738817774,0.0007492457014340941,1.0465227664737042,0.005000016858817454,0.9913425287985327,0.13053080738817774
0.41600000000000015,0.018400111312323084,0.0,0.1305135720906552,0.0007347733960604164,1.0469771212620662,0.005000015870225367,0.9911726003117165,0.1305135720906552
0.41650000000000015,0.01840677797898975,0.0,0.130496169318889,0.0007205851391375226,1.0474314775021614,0.005000014939902731,0.9910010197678478,0.130496169318889
0.41700000000000015,0.018413444645656415,0.0,0.1304785988979287,0.0007066745960828248,1.0478858351957867,0.00500001406435468,0.9908277871504079,0.1304785988979287
0.41750000000000015,0.018420111312323083,0.0,0.13046086065316626,0.0006930354323137348,1.0483401943447397,0.0050000132402917485,0.9906529024428512,0.13046086065316626
0.41800000000000015,0.01842677797898975,0.0,0.13044295441028247,0.0006796613132476648,1.0487945549508177,0.005000012464618418,0.9904763656286065,0.13044295441028247
0.41850000000000015,0.018433444645656417,0.0,0.1304248797373603,0.0006665513662698749,1.0492489170180412,0.005000011734730004,0.9902981766902004,0.1304248797373603
0.41900000000000015,0.018440111312323083,0.0,0.13040663546732995,0.0006537292894204536,1.0497032805567652,0.005000011049474399,0.9901183356075819,0.13040663546732995
0.41950000000000015,0.018446777978989748,0.0,0.13038822387567084,0.0006411480160395733,1.050157645547699,0.005000010403931025,0.9899368423724455,0.13038822387567084
0.42000000000000015,0.018453444645656417,0.0,0.13036964492079162,0.0006288041048373978,1.0506120119915088,0.0050000097958645025,0.9897536969686855,0.13036964492079162
0.42050000000000015,0.018460111312323082,0.0,0.13035089856129922,0.0006166941145240907,1.051066379888861,0.005000009223158259,0.9895688993801861,0.13035089856129922
0.42100000000000015,0.01846677797898975,0.0,0.13033198475631502,0.0006048146038098155,1.0515207492404222,0.005000008683808734,0.9893824495908221,0.13033198475631502
0.42150000000000015,0.018473444645656416,0.0,0.1303129034651871,0.0005931621314047358,1.0519751200468586,0.005000008175919836,0.9891943475844586,0.1303129034651871
0.42200000000000015,0.018480111312323085,0.0,0.13029365464768297,0.0005817332560190151,1.0524294923088366,0.005000007697697639,0.9890045933449506,0.13029365464768297
0.42250000000000015,0.01848677797898975,0.0,0.13027423826392134,0.0005705245363628171,1.0528838660270226,0.005000007247445309,0.9888131868561437,0.13027423826392134
0.42300000000000015,0.018493444645656415,0.0,0.13025465427433158,0.0005595325311463055,1.0533382412020829,0.005000006823558258,0.9886201281018737,0.13025465427433158
0.42350000000000015,0.018500111312323084,0.0,0.1302349026397501,0.0005487537990796437,1.053792617834684,0.0050000064245195085,0.9884254170659665,0.1302349026397501
0.42400000000000015,0.01850677797898975,0.0,0.13021498332128392,0.0005381848988729953,1.054246995925492,0.005000006048895271,0.9882290537322386,0.13021498332128392
0.42450000000000015,0.018513444645656418,0.0,0.13019489628048916,0.0005278223892365241,1.054701375475174,0.005000005695330717,0.9880310380844961,0.13019489628048916
0.42500000000000016,0.018520111312323083,0.0,0.13017464147919358,0.0005176628288803935,1.0551557564843956,0.00500000536254594,0.9878313701065362,0.13017464147919358
0.42550000000000016,0.01852677797898975,0.0,0.13015421887964765,0.000507702776514767,1.0556101389538237,0.005000005049332116,0.9876300497821456,0.13015421887964765
0.42600000000000016,0.018533444645656417,0.0,0.13013362844440185,0.0004979387908498085,1.0560645228841243,0.005000004754547819,0.987427077095102,0.13013362844440185
0.42650000000000016,0.018540111312323082,0.0,0.13011287013638934,0.0004883674305956813,1.056518908275964,0.005000004477115527,0.9872224520291727,0.13011287013638934
0.42700000000000016,0.01854677797898975,0.0,0.13009194391889903,0.00047898525446254914,1.0569732951300095,0.005000004216018283,0.9870161745681153,0.13009194391889903
0.42750000000000016,0.018553444645656416,0.0,0.13007084975557615,0.0004697888211605756,1.0574276834469265,0.005000003970296512,0.9868082446956784,0.13007084975557615
0.42800000000000016,0.01856011131232308,0.0,0.13004958761040897,0.00046077468939992425,1.0578820732273817,0.00500000373904499,0.9865986623956001,0.13004958761040897
0.42850000000000016,0.01856677797898975,0.0,0.1300281574477842,0.0004519394178907587,1.0583364644720417,0.005000003521409966,0.9863874276516089,0.1300281574477842
0.42900000000000016,0.018573444645656415,0.0,0.1300065592323367,0.0004432795653432425,1.0587908571815727,0.005000003316586407,0.9861745404474237,0.1300065592323367
0.42950000000000016,0.018580111312323084,0.0,0.12998479292925147,0.0004347916904675393,1.0592452513566408,0.00500000312381539,0.9859600007667538,0.12998479292925147
0.43000000000000016,0.01858677797898975,0.0,0.12996285850383935,0.00042647235197381257,1.059699646997913,0.005000002942381615,0.9857438085932984,0.12996285850383935
0.43050000000000016,0.018593444645656418,0.0,0.1299407559219761,0.00041831810857222607,1.0601540441060553,0.005000002771611046,0.985525963910747,0.1299407559219761
0.43100000000000016,0.018600111312323083,0.0,0.1299184851497739,0.00041032551897294325,1.060608442681734,0.005000002610868657,0.9853064667027799,0.1299184851497739
0.43150000000000016,0.01860677797898975,0.0,0.12989604615371894,0.0004024911418861278,1.0610628427256157,0.005000002459556307,0.9850853169530669,0.12989604615371894
0.43200000000000016,0.018613444645656417,0.0,0.12987343890074052,0.00039481153602194326,1.0615172442383667,0.005000002317110707,0.9848625146452685,0.12987343890074052
0.43250000000000016,0.018620111312323082,0.0,0.1298506633580333,0.00038728326009055325,1.0619716472206533,0.005000002183001499,0.9846380597630355,0.1298506633580333
0.43300000000000016,0.01862677797898975,0.0,0.12982771949319494,0.00037990287280212126,1.062426051673142,0.005000002056729431,0.9844119522900088,0.12982771949319494
0.43350000000000016,0.018633444645656416,0.0,0.12980460727415796,0.0003726669328668111,1.0628804575964994,0.00500000193782462,0.9841841922098193,0.12980460727415796
0.43400000000000016,0.018640111312323085,0.0,0.12978132666931363,0.0003655719989947861,1.0633348649913914,0.005000001825844913,0.9839547795060889,0.12978132666931363
0.43450000000000016,0.01864677797898975,0.0,0.12975787764723865,0.00035861462989621005,1.0637892738584849,0.005000001720374331,0.9837237141624289,0.12975787764723865
0.43500000000000016,0.018653444645656415,0.0,0.12973426017705147,0.0003517913842812465,1.0642436841984457,0.0050000016210215905,0.9834909961624415,0.12973426017705147
0.43550000000000016,0.018660111312323084,0.0,0.1297104742281938,0.00034509882086005897,1.0646980960119405,0.005000001527418706,0.9832566254897189,0.1297104742281938
0.43600000000000017,0.01866677797898975,0.0,0.12968546841944478,0.00033855307783011855,1.0651525183798911,0.005000001439486139,0.9830205973950318,0.1296853622883032
0.43650000000000017,0.018673444645656415,0.0,0.1296621275912705,0.00033213285742235687,1.0656069263872718,0.0050000013566335495,0.9827829248400604,0.1296602728821339
0.43700000000000017,0.018680111312323083,0.0,0.1296407212465397,0.0003258336312059035,1.066061317702169,0.005000001278540112,0.9825436092138125,0.12963497113836278
0.43750000000000017,0.01868677797898975,0.0,0.12962125107114525,0.0003196536510989646,1.066515692305883,0.005000001204939254,0.9823026507082764,0.1296094589797747
0.43800000000000017,0.018693444645656417,0.0,0.12960371879365468,0.0003135911690197463,1.0669700501797152,0.00500000113557854,0.9820600495157057,0.12958373837217368
0.43850000000000017,0.018700111312323082,0.0,0.12958812618525278,0.0003076444368864546,1.067424391304967,0.005000001070218979,0.9818158058286187,0.12955781132432576
0.43900000000000017,0.01870677797898975,0.0,0.1295744750603139,0.00030181170661729574,1.067878715662939,0.005000001008634367,0.9815699198397995,0.12953167988853106
0.43950000000000017,0.018713444645656416,0.0,0.12956276727615337,0.0002960912301304758,1.0683330232349324,0.005000000950610656,0.9813223917422967,0.12950534616037535
0.44000000000000017,0.01872011131232308,0.0,0.12955300473335393,0.00029048125934420083,1.0687873140022484,0.005000000895945351,0.9810732217294243,0.12947881227905622
0.44050000000000017,0.01872677797898975,0.0,0.12954518937606482,0.00028498004617667696,1.0692415879461878,0.005000000844446931,0.9808224099947613,0.12945208042768236
0.44100000000000017,0.018733444645656416,0.0,0.1295393231918359,0.0002795858425461104,1.069695845048052,0.005000000795934299,0.9805699567321516,0.12942515283310746
0.44150000000000017,0.018740111312323084,0.0,0.12953540821210874,0.0002742969003707071,1.070150085289142,0.005000000750236257,0.9803158621357044,0.1293980317664215
0.44200000000000017,0.01874677797898975,0.0,0.12953344651216056,0.00026911147156867337,1.0706043086507586,0.005000000707191002,0.9800601263997937,0.12937071954289436
0.44250000000000017,0.01875344464565642,0.0,0.12953344021148622,0.00026402780805821513,1.0710585151142031,0.0050000006666456485,0.9798027497190582,0.12934321852235806
0.44300000000000017,0.018760111312323084,0.0,0.12953539147360557,0.0002590441617575386,1.0715127046607766,0.005000000628455766,0.9795437322884022,0.12931553110901386
0.44350000000000017,0.01876677797898975,0.0,0.12953930250663756,0.0002541587845848498,1.07196687727178,0.005000000592484946,0.9792830743029942,0.12928765975200646
0.4440000000000002,0.018773444645656417,0.0,0.12954517556321737,0.000249369928458355,1.0724210329285147,0.005000000558604388,0.979020775958268,0.12925960694534108
0.4445000000000002,0.018780111312323083,0.0,0.12955301294063287,0.0002446758452962602,1.0728751716122813,0.005000000526692496,0.9787568374499223,0.12923137522801983
0.4450000000000002,0.01878677797898975,0.0,0.1295628169812074,0.00024007478701677153,1.0733292933043814,0.005000000496634508,0.97849125897392,0.12920296718442456
0.4455000000000002,0.018793444645656417,0.0,0.12957459007221783,0.00023556500553809505,1.0737833979861156,0.005000000468322129,0.9782240407264899,0.12917438544423482
0.4460000000000002,0.018800111312323082,0.0,0.12958833464619554,0.00023114475277843694,1.0742374856387853,0.005000000441653192,0.9779551829041246,0.1291456326827287
0.4465000000000002,0.01880677797898975,0.0,0.12960405318111826,0.00022681228065600333,1.0746915562436914,0.005000000416531335,0.9776846857035819,0.12911671162097485
0.4470000000000002,0.018813444645656416,0.0,0.1296217482004653,0.0002225658410890003,1.075145609782135,0.005000000392865681,0.9774125493218844,0.12908762502588764
0.4475000000000002,0.018820111312323085,0.0,0.12964142227343725,0.00021840368599563393,1.0755996462354172,0.005000000370570551,0.9771387739563191,0.1290583757104466
0.4480000000000002,0.01882677797898975,0.0,0.12966307801514823,0.00021432406729411036,1.076053665584839,0.005000000349565181,0.976863359804438,0.1290289665338889
0.4485000000000002,0.018833444645656415,0.0,0.12968671808670906,0.00021032523690263572,1.0765076678117016,0.0050000003297734534,0.9765863070640572,0.1289994004017924
0.4490000000000002,0.018840111312323084,0.0,0.1297123451955569,0.00020640544673941608,1.0769616528973058,0.005000000311123647,0.9763076159332584,0.12896968026640515
0.4495000000000002,0.01884677797898975,0.0,0.12973996209537447,0.0002025629487226576,1.077415620822953,0.00500000029354819,0.9760272866103871,0.1289398091265648
0.4500000000000002,0.018853444645656418,0.0,0.12976957158652955,0.00019879599477056636,1.0778695715699442,0.0050000002769834415,0.9757453192940533,0.12890979002813782
0.4505000000000002,0.018860111312323083,0.0,0.12980117651593964,0.00019510283680134849,1.0783235051195805,0.005000000261369463,0.9754617141831322,0.1288796260638843
0.4510000000000002,0.01886677797898975,0.0,0.12983477977756688,0.0001914817267332101,1.078777421453163,0.005000000246649821,0.975176471476763,0.12884932037395277
0.4515000000000002,0.018873444645656417,0.0,0.12987038431233774,0.00018793091648435723,1.0792313205519923,0.00500000023277139,0.9748895913743497,0.1288188761457999
0.4520000000000002,0.018880111312323082,0.0,0.12990799310841908,0.0001844486579729961,1.07968520239737,0.005000000219684165,0.9746010740755607,0.12878829661446645
0.4525000000000002,0.01888677797898975,0.0,0.12994760920130266,0.00018103320311733278,1.080139066970597,0.005000000207341088,0.9743109197803287,0.12875758506266174
0.4530000000000002,0.018893444645656416,0.0,0.1299891368379895,0.00017769695583490534,1.080592915105601,0.005000000195747773,0.9740191281391255,0.12872664584679575
0.4535000000000002,0.018900111312323085,0.0,0.13003259223716573,0.00017443003728863412,1.0810467466703688,0.005000000184829279,0.9737256994165963,0.12869549544028452
0.4540000000000002,0.01890677797898975,0.0,0.13007802393123172,0.00017122315267599362,1.0815005612546755,0.005000000174519697,0.9734306340606915,0.1286641826804463
0.4545000000000002,0.018913444645656415,0.0,0.13012543102605525,0.00016807550787567067,1.081954358875126,0.005000000164786044,0.9731339322454683,0.12863270691059872
0.4550000000000002,0.018920111312323084,0.0,0.13017481267075173,0.00016498630876635216,1.0824081395483247,0.00500000015559702,0.9728355941447354,0.12860106751698466
0.4555000000000002,0.01892677797898975,0.0,0.13022616805740148,0.00016195476122672487,1.082861903290877,0.005000000146922929,0.9725356199320534,0.12856926392848944
0.4560000000000002,0.018933444645656418,0.0,0.1302794964212333,0.00015898007113547568,1.0833156501193877,0.0050000001387356064,0.9722340097807352,0.12853729561682467
0.4565000000000002,0.018940111312323083,0.0,0.13033479704009546,0.00015606144437129137,1.0837693800504615,0.005000000131008346,0.9719307638638454,0.12850516209599908
0.4570000000000002,0.01894677797898975,0.0,0.1303920692346945,0.0001531980868128588,1.0842230931007033,0.005000000123715829,0.971625882354201,0.12847286292255747
0.4575000000000002,0.018953444645656417,0.0,0.13045131236809382,0.00015038920433886483,1.0846767892867182,0.005000000116834061,0.9713193654243709,0.12844039769507903
0.4580000000000002,0.018960111312323082,0.0,0.1305125258458155,0.00014763400282799628,1.0851304686251109,0.0050000001103403,0.971011213246676,0.12840776605427975
0.4585000000000002,0.01896677797898975,0.0,0.13057570911561356,0.00014493168815893993,1.0855841311324863,0.00500000010421301,0.9707014259931895,0.12837496768278517
0.4590000000000002,0.018973444645656416,0.0,0.13064086166730193,0.0001422814662103827,1.0860377768254492,0.005000000098431786,0.9703900038357368,0.12834200230495868
0.4595000000000002,0.018980111312323085,0.0,0.13070798303266495,0.00013968254286101137,1.0864914057206048,0.005000000092977312,0.970076946945895,0.12830886968681188
0.4600000000000002,0.01898677797898975,0.0,0.13077707278523076,0.00013713412398951277,1.0869450178345577,0.0050000000878313,0.9697622554949938,0.12827556963577813
0.4605000000000002,0.018993444645656415,0.0,0.13084813054029204,0.00013463541547457377,1.0873986131839126,0.005000000082976441,0.9694459296541152,0.12824210200073335
0.4610000000000002,0.019000111312323084,0.0,0.13092115595454223,0.00013218562319488117,1.0878521917852748,0.005000000078396357,0.9691279695940932,0.128208466671632
0.4615000000000002,0.01900677797898975,0.0,0.13099614872604157,0.00012978395302912183,1.0883057536552492,0.005000000074075555,0.9688083754855138,0.12817466357947344
0.4620000000000002,0.019013444645656418,0.0,0.13107310859421106,0.00012742961085598258,1.0887592988104402,0.005000000069999378,0.968487147498716,0.1281406926962959
0.4625000000000002,0.019020111312323083,0.0,0.13115203533938638,0.0001251218025541502,1.089212827267453,0.0050000000661539696,0.9681642858037903,0.12810655403473026
0.4630000000000002,0.019026777978989752,0.0,0.13123292878292198,0.00012285973400231163,1.0896663390428927,0.005000000062526227,0.9678397905705801,0.1280722476481041
0.4635000000000002,0.019033444645656417,0.0,0.13131578878693775,0.0001206426110791536,1.0901198341533636,0.005000000059103768,0.967513661968681,0.12803777363018887
0.4640000000000002,0.019040111312323083,0.0,0.1314006152542313,0.00011846963966336303,1.090573312615471,0.005000000055874889,0.9671859001674405,0.12800313211511163
0.4645000000000002,0.01904677797898975,0.0,0.1314874081281346,0.00011634002563362668,1.0910267744458197,0.0050000000528285325,0.9668565053359595,0.12796832327721208
0.4650000000000002,0.019053444645656416,0.0,0.13157616739220612,0.00011425297486863141,1.0914802196610147,0.005000000049954253,0.9665254776430899,0.12793334733073458
0.4655000000000002,0.01906011131232308,0.0,0.13166689307036358,0.00011220769324706407,1.0919336482776607,0.005000000047242186,0.9661928172574374,0.1278982045299609
0.4660000000000002,0.01906677797898975,0.0,0.1317595852266314,0.0001102033866476115,1.0923870603123627,0.005000000044683016,0.9658585243473594,0.12786289516895796
0.4665000000000002,0.019073444645656416,0.0,0.131854243964805,0.00010823926094896051,1.0928404557817253,0.005000000042267949,0.965522599080966,0.12782741958124177
0.4670000000000002,0.019080111312323084,0.0,0.13195086942863976,0.00010631452202979794,1.0932938347023538,0.005000000039988684,0.9651850416261196,0.12779177813996676
0.4675000000000002,0.01908677797898975,0.0,0.13204946180140534,0.00010442837576881062,1.0937471970908528,0.005000000037837387,0.9648458521504353,0.1277559712574798
0.4680000000000002,0.01909344464565642,0.0,0.1321500213060473,0.00010258002804468537,1.094200542963827,0.005000000035806666,0.9645050308212807,0.1277199993854823
0.4685000000000002,0.019100111312323084,0.0,0.13225254820465882,0.00010076868473610909,1.0946538723378818,0.005000000033889547,0.9641625778057759,0.1276838630145013
0.4690000000000002,0.01910677797898975,0.0,0.13235704279875316,9.899355172176854e-05,1.095107185229622,0.005000000032079452,0.9638184932707935,0.12764756267416272
0.4695000000000002,0.019113444645656417,0.0,0.13246350542890137,9.725383488035058e-05,1.095560481655652,0.005000000030370178,0.9634727773829592,0.1276110989328286
0.4700000000000002,0.019120111312323083,0.0,0.13257193647445242,9.554874009054205e-05,1.0960137616325771,0.005000000028755875,0.9631254303086506,0.1275744723973172
0.4705000000000002,0.01912677797898975,0.0,0.1326823363538346,9.387747323102977e-05,1.096467025177002,0.005000000027231029,0.9627764522139988,0.12753768371320498
0.4710000000000002,0.019133444645656417,0.0,0.13279470552386102,9.223924018050059e-05,1.0969202723055318,0.00500000002579044,0.9624258432648862,0.1275007335641314
0.4715000000000002,0.019140111312323085,0.0,0.1329090444800868,9.063324681764134e-05,1.0973735030347709,0.0050000000244292105,0.9620736036269498,0.12746362267215677
0.4720000000000002,0.01914677797898975,0.0,0.1330253537562253,8.905869902113885e-05,1.0978267173813248,0.005000000023142722,0.9617197334655776,0.12742635179717793
0.4725000000000002,0.019153444645656416,0.0,0.13314363392447837,8.751480266967995e-05,1.098279915361798,0.005000000021926625,0.9613642329459113,0.12738892173725927
0.4730000000000002,0.019160111312323085,0.0,0.1332638855949523,8.600076364195152e-05,1.0987330969927955,0.0050000000207768205,0.9610071022328449,0.1273513333280478
0.4735000000000002,0.01916677797898975,0.0,0.1333861094157949,8.451578781664028e-05,1.099186262290922,0.005000000019689448,0.9606483414910256,0.1273135874429111
0.4740000000000002,0.019173444645656415,0.0,0.13351030607294403,8.305908107243318e-05,1.0996394112727828,0.005000000018660873,0.960287950884853,0.12727568499268527
0.4745000000000002,0.019180111312323084,0.0,0.1336364762900987,8.162984928801702e-05,1.1000925439549822,0.005000000017687671,0.9599259305784797,0.12723762692564655
0.4750000000000002,0.01918677797898975,0.0,0.13376461275741455,8.022765426448679e-05,1.100545660422761,0.005000000016766856,0.9595622806806033,0.1271994061308457
0.4755000000000002,0.019193444645656418,0.0,0.13389467743142297,7.885371074109094e-05,1.1009987610227792,0.005000000015896664,0.9591970010874542,0.12716098466426984
0.4760000000000002,0.019200111312323083,0.0,0.1340267077309025,7.750605898878909e-05,1.1014518454602507,0.005000000015073354,0.9588300922108377,0.12712240028066776
0.4765000000000002,0.01920677797898975,0.0,0.13416070315097484,7.618429098880895e-05,1.10190491376334,0.005000000014294395,0.9584615542035448,0.12708365269278538
0.4770000000000002,0.019213444645656417,0.0,0.1342966632204629,7.488799872237829e-05,1.1023579659602114,0.00500000001355739,0.9580913872179528,0.1270447416465311
0.4775000000000002,0.019220111312323082,0.0,0.13443458750176754,7.361677417072482e-05,1.102811002079029,0.005000000012860067,0.9577195914060236,0.12700566692085227
0.4780000000000002,0.01922677797898975,0.0,0.1345744755906612,7.237020931507631e-05,1.103264022147957,0.005000000012200271,0.957346166919305,0.12696642832752927
0.4785000000000002,0.019233444645656416,0.0,0.13471632711588685,7.114789613666047e-05,1.1037170261951599,0.005000000011575963,0.9569711139089301,0.1269270257107742
0.4790000000000002,0.019240111312323085,0.0,0.13486014173914748,6.994942661670505e-05,1.1041700142488018,0.005000000010985209,0.9565944325256177,0.12688745894722053
0.4795000000000002,0.01924677797898975,0.0,0.13500591915462207,6.877439273643777e-05,1.1046229863370471,0.005000000010426178,0.9562161229196722,0.12684772794543897
0.4800000000000002,0.01925344464565642,0.0,0.13515365908906798,6.762238647708642e-05,1.1050759424880598,0.005000000009897135,0.9558361852409838,0.12680783264604045
0.4805000000000002,0.019260111312323084,0.0,0.13530336130122578,6.649299981987868e-05,1.1055288827300043,0.0050000000093964395,0.955454619639028,0.12676777302108022
0.4810000000000002,0.01926677797898975,0.0,0.13545502558183864,6.53858247460423e-05,1.1059818070910448,0.0050000000089225356,0.9550714262628663,0.12672754907407785
0.4815000000000002,0.019273444645656418,0.0,0.1356086517533094,6.430045323680505e-05,1.1064347155993457,0.0050000000084739525,0.9546866052611456,0.12668716083967393
0.4820000000000002,0.019280111312323083,0.0,0.13576423966946943,6.323647727339465e-05,1.106887608283071,0.0050000000080492974,0.9543001567820991,0.12664660838339944
0.4825000000000002,0.019286777978989752,0.0,0.13592178921546008,6.219348883703882e-05,1.1073404851703852,0.0050000000076472545,0.9539120809735453,0.12660589180155687
0.4830000000000002,0.019293444645656417,0.0,0.13608130030730647,6.117107990896532e-05,1.1077933462894525,0.0050000000072665755,0.9535223779828887,0.1265650112207943
0.4835000000000002,0.019300111312323082,0.0,0.13624277289191192,6.016884247040188e-05,1.108246191668437,0.005000000006906081,0.95313104795712,0.12652396679809974
0.4840000000000002,0.01930677797898975,0.0,0.13640620694663239,5.918636850257625e-05,1.1086990213355032,0.005000000006564658,0.9527380910428153,0.12648275872037543
0.4845000000000002,0.019313444645656416,0.0,0.13657160247921588,5.822324998671615e-05,1.109151835318815,0.005000000006241249,0.9523435073861372,0.1264413872043781
0.4850000000000002,0.019320111312323085,0.0,0.13673895952740553,5.727907890404933e-05,1.109604633646537,0.005000000005934859,0.9519472971328335,0.12639985249632077
0.4855000000000002,0.01932677797898975,0.0,0.13690827815879553,5.6353447235803534e-05,1.1100574163468333,0.005000000005644544,0.9515494604282392,0.1263581548717299
0.4860000000000002,0.019333444645656415,0.0,0.13707955847063175,5.544594696320648e-05,1.1105101834478683,0.005000000005369414,0.9511499974172739,0.12631629463524538
0.4865000000000002,0.019340111312323084,0.0,0.13725280058964068,5.455617006748592e-05,1.110962934977806,0.005000000005108625,0.9507489082444447,0.12627427212045014
0.4870000000000002,0.01934677797898975,0.0,0.1374280046715775,5.368370852986959e-05,1.1114156709648109,0.005000000004861383,0.950346193053844,0.12623208768941757
0.4875000000000002,0.019353444645656418,0.0,0.1376051706421407,5.2828155181355806e-05,1.1118683914392196,0.005000000004626934,0.9499418519872062,0.1261897414725681
0.4880000000000002,0.019360111312323083,0.0,0.13778429371455578,5.198926428973192e-05,1.1123210964710888,0.005000000004404614,0.9495358851501294,0.1261472288677305
0.4885000000000002,0.019366777978989752,1.0,0.13798307036197163,0.0042499607824536805,1.1127736379122093,0.005005826605070263,0.9491284263681836,0.12612232014252964
0.4890000000000002,0.019373444645656417,1.0,0.1396468826027674,0.012844136240823777,1.113213954872517,0.005201084819123285,0.9487304016884947,0.12756644551708296
0.4895000000000002,0.019380111312323083,1.0,0.14860243420171895,0.021364136670463447,1.113594782157982,0.006025576130878368,0.9483849018659225,0.13633036560201028
0.4900000000000002,0.01938677797898975,1.0,0.172854089681015,0.029810602168522656,1.1138607095970259,0.007976259797616181,0.9481429552402469,0.1604473127792744
0.4905000000000002,0.019393444645656416,1.0,0.21754721041196914,0.03818416741139307,1.11399976990222,0.011553132798134993,0.9480162098489636,0.2050696982807582
0.4910000000000002,0.019400111312323085,1.0,0.28120097481797107,0.046485461656665866,1.1140567069782703,0.01723141504230485,0.9479642703730919,0.26869444272298143
0.4915000000000002,0.01940677797898975,1.0,0.36068113527673856,0.05471510859840466,1.1140737133707312,0.02543729424267535,0.947948751671249,0.3481659287438754
0.4920000000000002,0.01941344464565642,1.0,0.4566214530489319,0.06287372665005946,1.1140603207904636,0.036521836431133825,0.9479609728847062,0.4441130779110792
0.4925000000000002,0.019420111312323084,1.0,0.5756136971990733,0.07096192863744834,1.113998507531971,0.05073407657540581,0.9480173611219327,0.563136828096866
0.4930000000000002,0.01942677797898975,1.0,0.7253940866546978,0.07898032307755028,1.1138741517674566,0.06820242823501428,0.948130710236969,0.7129804809585478
0.4935000000000002,0.01943344464565642,1.0,0.9152600959510487,0.0869295113741239,1.1136752557272505,0.08892264246078573,0.9483117449413768,0.9029473402192507
0.4940000000000002,0.019440111312323084,1.0,1.1549338118626509,0.09481009154182649,1.1133955262595208,0.11275741734263911,0.9485658184973054,1.142762196516627
0.4945000000000002,0.01944677797898975,1.0,1.449058343916283,0.10262265555649205,1.113046725827413,0.1394533255389239,0.9488817511188068,1.437061579661977
0.4950000000000002,0.019453444645656418,1.0,1.7940712928561238,0.11036779045108305,1.1126570494146195,0.16866627186296326,0.9492335568687679,1.7822683744523882
0.4955000000000002,0.019460111312323083,1.0,2.180021522842501,0.11804607819791406,1.1122586701375965,0.19998581101680063,0.9495919639157532,2.1684151473920674
0.4960000000000002,0.01946677797898975,1.0,2.5960177042338564,0.12565809574712355,1.1118748064804427,0.23295518644468594,0.949936110699854,2.58459914926774
0.4965000000000002,0.019473444645656417,1.0,3.0337154368727166,0.1332044149509683,1.1115169845477546,0.26709304019157215,0.9502558486295034,3.022470580705553
0.4970000000000002,0.019480111312323085,1.0,3.487390815289229,0.1406856032762005,1.1111892756727264,0.3019182341523448,0.9505477799014979,3.4763038720754813
0.4975000000000002,0.01948677797898975,1.0,3.9529552099593905,0.14810222227455633,1.110892364443061,0.33697296007696165,0.9508115340329093,3.9420103750796383
0.4980000000000002,0.019493444645656416,1.0,4.426891422280126,0.15545482905869543,1.1106261477777373,0.37184121919346996,0.951047421711433,4.416073225244657
0.4985000000000002,0.019500111312323085,1.0,4.905950118930091,0.1627439779662277,1.1103903736150398,0.4061606250836413,0.9512558616525277,4.895243463080648
0.4990000000000002,0.01950677797898975,1.0,5.386958138564118,0.16997021415205352,1.1101849296365816,0.4396285898363975,0.9514371251239263,5.376348203893064
0.4995000000000002,0.01951344464565642,1.0,5.866895383155735,0.17713408174113288,1.110009710264745,0.4720035048075161,0.9515914545898674,5.85636759342595
0.5,0.019520111312323084,1.0,6.34292643002126,0.18423611923395164,1.109864574163341,0.5031023021539357,0.951719101375631,6.332466440111811
