Time [s],Lmtc [m],STIM [ ],Fsee [N],Gamma [ ],Lcerel [ ],q [ ],fisomrel [ ],fce [N]
0.0,0.023020111312323083,1.0,2.0719938708869434,0.07079909703130753,1.3550353466595728,0.1254550778272044,0.4957996104892678,1.6346895097654917
0.0005,0.022990111312323085,1.0,1.1401322942351433,0.07881889648629407,1.3553034147342544,0.16694702066609138,0.49503793391271356,0.7020191667762116
0.001,0.022960111312323082,1.0,0.9618003319581909,0.08676947820419374,1.35380101713802,0.21198725060337612,0.4992993610884101,0.5282103247190009
0.0015,0.022930111312323084,1.0,1.006532160648556,0.09465143959631872,1.3516168368452368,0.25947045035830485,0.5054624001878005,0.5794759872656781
0.002,0.022900111312323085,1.0,1.1103520560402582,0.10246537291151525,1.349258947780673,0.3082512201745288,0.5120727495805488,0.6902936764972799
0.0025,0.022870111312323083,1.0,1.2294415612625058,0.11021186529244213,1.3468724583588443,0.3571415940750542,0.5187179905283674,0.8164069923289075
0.003,0.022840111312323084,1.0,1.3526183821827868,0.11789149882265332,1.344491256668326,0.40508001562339785,0.5253030963163101,0.9465330390784393
0.0035,0.022810111312323085,1.0,1.4765010057695742,0.12550485036755554,1.342123286185137,0.4512226580393125,0.5318066281995311,1.0772678087250682
0.004,0.022780111312323083,1.0,1.5994538317371305,0.13305249256805124,1.339770934008368,0.4949640973823405,0.5382228496123247,1.2069698586107405
0.0045000000000000005,0.022750111312323084,1.0,1.7203607418490914,0.14053499145592,1.3374350755536482,0.5359198811388894,0.544550279144415,1.334521736818621
0.005,0.022720111312323082,1.0,1.8382394253767105,0.14795290976548678,1.3351162515023103,0.5738920477112388,0.5507883919161614,1.458940815898702
0.0055,0.022690111312323083,1.0,1.9522948853242443,0.15530680750041523,1.3328146152355578,0.608828337056209,0.5569377275424305,1.5794329038841162
0.006,0.022660111312323084,1.0,2.0620404336213722,0.1625972331644619,1.3305297332625978,0.6407827938156515,0.5630003817174237,1.6955137435058547
0.006500000000000001,0.022630111312323082,1.0,2.167055899522721,0.1698247350624456,1.3282611707489584,0.6698824784942466,0.5689784151140926,1.8067655483936627
0.007,0.022600111312323083,1.0,2.2670809476381786,0.17698985619677196,1.326008291244705,0.6962997967431717,0.5748743761588302,1.9129308651937216
0.0075,0.022570111312323084,1.0,2.3620471909586143,0.1840931412566795,1.3237702047972437,0.7202315868475693,0.5806914179422034,2.0139448034724703
0.008,0.022540111312323082,1.0,2.4520022717230145,0.19113511777834924,1.3215459321287775,0.7418840718282679,0.5864328541257425,2.1098586503623236
0.0085,0.022510111312323083,1.0,2.537061381234196,0.19811631329796217,1.3193344939615084,0.7614625595134626,0.5921019238653895,2.2007911452228943
0.009000000000000001,0.022480111312323085,1.0,2.6173624259424484,0.2050372469707464,1.3171349842448907,0.7791646561189933,0.5977016070719716,2.286883455112828
0.0095,0.022450111312323082,1.0,2.6931582341555718,0.21189844143970787,1.3149463783696418,0.7951760405042999,0.6032351150073858,2.368391889500085
0.01,0.022420111312323084,1.0,2.7648249788836674,0.2187004396578444,1.312767515079104,0.8096683283695665,0.6087059260449696,2.4456963573581887
0.0105,0.022390111312323085,1.0,2.8325381182335962,0.2254437385745895,1.3105976933911183,0.822798470421793,0.6141162914404674,2.5189747689697803
0.011,0.022360111312323083,1.0,2.89650471207814,0.23212883513937654,1.3084362123235251,0.8347085477686741,0.6194684117100693,2.5884365704360572
0.0115,0.022330111312323084,1.0,2.9569602731576965,0.23875622630163915,1.306282370894165,0.8455263514903163,0.6247644371177963,2.6543195954119243
0.012,0.022300111312323085,1.0,3.0141658721577227,0.2453264090108107,1.304135468120879,0.8553662838432269,0.6300064681235752,2.7168871707658186
0.0125,0.022270111312323083,1.0,3.0684054967604264,0.2518398802163247,1.3019948030215078,0.8643304228578157,0.6351965557920027,2.7764254761626757
0.013000000000000001,0.022240111312323084,1.0,3.1199836646721697,0.25829713686761463,1.299859674613892,0.8725096451784877,0.6403367021618034,2.8332411575715284
0.0135,0.02221011131232308,1.0,3.1690901897783386,0.26469865405618676,1.2977296144602561,0.8799848196287732,0.645428306693389,2.8875255311453207
0.014,0.022180111312323083,1.0,3.2159694126524663,0.27104493740949787,1.2956040813740695,0.8868277818890471,0.6504729082999701,2.9395245718001894
0.0145,0.022150111312323084,1.0,3.260757189843781,0.27733645363990067,1.2934827426837225,0.8931023633458869,0.6554715189873597,2.9893752265412235
0.015,0.022120111312323082,1.0,3.3035889629237287,0.2835736671898641,1.2913652804631355,0.8988652549694559,0.6604250933625536,3.037213962760496
0.0155,0.022090111312323083,1.0,3.3446074694991683,0.28975704250185724,1.289251376786229,0.9041668255457725,0.6653345641090839,3.08318451539106
0.016,0.022060111312323084,1.0,3.3839621323351707,0.2958870440183491,1.2871407137269235,0.9090518583048391,0.6702008420815718,3.1274372761526426
0.0165,0.022030111312323082,1.0,3.421808500720304,0.3019641361818087,1.2850329733591397,0.913560206433078,0.6750248163921919,3.1701287350293064
0.017,0.022000111312323083,1.0,3.4582756772507897,0.3079887676289976,1.2829278913885593,0.9177273789475487,0.6798072330976943,3.211388785633057
0.0175,0.021970111312323085,1.0,3.4934861980294754,0.3139614078981057,1.2808252219586622,0.9215850688338992,0.6845487788474724,3.2513406903325572
0.018000000000000002,0.021940111312323082,1.0,3.5275436461360483,0.3198825171968659,1.278724757144788,0.9251615830531426,0.6892500390183159,3.290088652487245
0.0185,0.021910111312323084,1.0,3.5605099694587534,0.32575252817985645,1.276626362980045,0.9284822378268067,0.6939114212177298,3.327695059206491
0.019,0.021880111312323085,1.0,3.5924493188474687,0.33157187350165584,1.2745299054975419,0.9315697043345333,0.6985333239500429,3.3642244887296906
0.0195,0.021850111312323083,1.0,3.623427909375298,0.33734098581684235,1.272435250730387,0.9344443143377789,0.7031161366378844,3.399743571715769
0.02,0.021820111312323084,1.0,3.653513890875969,0.34306029777999436,1.2703422647116893,0.937124328338774,0.7076602396422196,3.434320861806623
0.0205,0.021790111312323085,1.0,3.682777227756432,0.34873024204569025,1.2682508134745565,0.939626170904239,0.7121660042809548,3.4680267154638993
0.021,0.021760111312323083,1.0,3.711289588086554,0.3543512512685083,1.2661607630520975,0.9419646372600974,0.7166337928461008,3.5009331810809963
0.021500000000000002,0.021730111312323084,1.0,3.739086625809561,0.35992371483057667,1.2640720399818903,0.9441530684912768,0.7210638307992117,3.5330761559813424
0.022,0.021700111312323085,1.0,3.766238068781127,0.3654481101343874,1.2619845177370863,0.946203546812572,0.7254564498642653,3.564525713643309
0.0225,0.021670111312323083,1.0,3.792778133568438,0.37092484974365036,1.2598981287086481,0.9481269874299483,0.7298118507749718,3.5953162858315677
0.023,0.021640111312323084,1.0,3.818732139735837,0.3763543309979574,1.2578128207226444,0.9499332783124698,0.7341301978841344,3.6254733704562976
0.0235,0.021610111312323082,1.0,3.84412604037446,0.38173695123690055,1.2557285416051442,0.9516313928718396,0.738411652034024,3.655023094391753
0.024,0.021580111312323083,1.0,3.868986393654021,0.38707310780007165,1.2536452391822162,0.9532294861009444,0.7426563705607854,3.683992185033771
0.0245,0.021550111312323084,1.0,3.8933403357803957,0.39236319802706277,1.2515628612799292,0.9547349795759459,0.7468645072986204,3.712407943262796
0.025,0.021520111312323082,1.0,3.9172155553611985,0.3976076192574658,1.249481355724352,0.9561546367068711,0.7510362125837573,3.7402982178146136
0.025500000000000002,0.021490111312323083,1.0,3.940640269177734,0.40280676883087274,1.2474006703415537,0.9574946294415749,0.7551716332581996,3.7676913810571744
0.026000000000000002,0.021460111312323085,1.0,3.9636431993643666,0.4079610440868755,1.2453207529576027,0.9587605974715365,0.7592709126732595,3.794616306174558
0.0265,0.021430111312323082,1.0,3.98624938229991,0.4130708256168411,1.2432415578941594,0.9599576969608475,0.7633341780528893,3.821098164024926
0.027,0.021400111312323084,1.0,4.008467404254328,0.4181364724069001,1.2411630656764239,0.961090650041821,0.7673615030141955,3.847145623395982
0.0275,0.021370111312323085,1.0,4.030326706129357,0.42315844427324517,1.2390852248566195,0.9621638114626102,0.7713530210210386,3.872788263879077
0.028,0.021340111312323082,1.0,4.0518368543078775,0.42813710045974,1.2370080153606378,0.9631811576328879,0.7753088026192467,3.8980357299779125
0.0285,0.021310111312323084,1.0,4.073007616428638,0.43307280021024835,1.2349314171143704,0.9641463454549565,0.7792289170105349,3.9228978657050853
0.029,0.021280111312323085,1.0,4.0938489549391335,0.437965902768634,1.232855410043709,0.9650627419350595,0.7831134320535045,3.9473847081362607
0.029500000000000002,0.021250111312323083,1.0,4.11437102085767,0.4428167673787607,1.2307799740745453,0.9659334507199754,0.7869624142646088,3.9715064811734964
0.03,0.021220111312323084,1.0,4.134584147744323,0.44762575328449217,1.2287050891327713,0.9667613359089295,0.7907759288190845,3.9952735895174083
0.0305,0.021190111312323085,1.0,4.154498845879733,0.4523932197296922,1.2266307351442782,0.9675490434479534,0.794554039551856,4.018696612847143
0.031,0.021160111312323083,1.0,4.174125796650465,0.4571195259582246,1.224556892034958,0.9682990203764902,0.7982968089584007,4.04178630020686
0.0315,0.021130111312323084,1.0,4.193475847146055,0.46180503121395305,1.2224835397307026,0.9690135321635122,0.8020042981955876,4.064553564603872
0.032,0.021100111312323082,1.0,4.212560004961867,0.46645009474074134,1.220410658157403,0.9696946783420768,0.8056765670824817,4.0870094778125425
0.0325,0.021070111312323083,1.0,4.231389433210065,0.47105507578245326,1.2183382272409515,0.9703444066264942,0.8093136741011144,4.109165265386263
0.033,0.021040111312323084,1.0,4.249965716969405,0.4756202592622412,1.2162662415850722,0.9709645133935948,0.8129156510026687,4.1310225500238875
0.0335,0.021010111312323082,1.0,4.268299772092747,0.48014607971002476,1.2141946818401472,0.9715566948692065,0.8164825530855924,4.152592306371451
0.034,0.020980111312323083,1.0,4.286396719744321,0.48463287372746133,1.212123537571418,0.9721225120821471,0.8200144192327486,4.173879699076699
0.0345,0.020950111312323084,1.0,4.3042604589692655,0.4890809630118734,1.2100528003051036,0.9726634165340853,0.823511284335937,4.19488866680654
0.035,0.020920111312323082,1.0,4.321894961824619,0.4934906692605835,1.207982461567423,0.9731807614052946,0.8269731827214215,4.215623220504747
0.035500000000000004,0.020890111312323083,1.0,4.33930427161576,0.4978623141709141,1.2059125128845953,0.973675809322081,0.8304001481502055,4.2360874416287455
0.036000000000000004,0.020860111312323085,1.0,4.35649250116918,0.5021962194401877,1.203842945782839,0.9741497394292334,0.8337922138182983,4.2562854804227435
0.0365,0.020830111312323082,1.0,4.37346383114236,0.5064927067657268,1.2017737517883735,0.974603653836504,0.8371494123569754,4.276221554227939
0.037,0.020800111312323084,1.0,4.39022250837156,0.510752097844854,1.1997049224274179,0.9750385835006431,0.840471775833036,4.295899945830644
0.0375,0.020770111312323085,1.0,4.406772844256081,0.5149747143748917,1.1976364492261908,0.9754554935979035,0.8437593357490532,4.315325001846878
0.038,0.020740111312323083,1.0,4.423119213179969,0.5191608780531626,1.1955683237109114,0.975855288436097,0.8470121230436167,4.334501131144378
0.0385,0.020710111312323084,1.0,4.4392660509703425,0.523310910576989,1.1935005374077987,0.9762388159500972,0.8502301680915724,4.353432803301249
0.039,0.020680111312323085,1.0,4.4552178533934805,0.5274251336436935,1.1914330818430716,0.9766068718201201,0.8534135007042554,4.372124547102342
0.0395,0.020650111312323083,1.0,4.4709747828014805,0.5315037822498224,1.18936595500316,0.9769601921364858,0.8565621403429649,4.390576548832971
0.04,0.020620111312323084,1.0,4.486542089950653,0.5355472679580938,1.187299147441623,0.9772994916484522,0.8596761174705647,4.408794092457353
0.0405,0.020590111312323085,1.0,4.5019221328502494,0.5395558961755003,1.1852326540415663,0.9776254288447651,0.8627554555068696,4.426779562965215
0.041,0.020560111312323083,1.0,4.517116566378983,0.5435299523396809,1.1831664707726386,0.9779386210452947,0.8658001759387846,4.444534640437955
0.0415,0.020530111312323084,1.0,4.532127079003565,0.5474697218882748,1.1811005936044887,0.9782396497136965,0.8688102999844073,4.462061038195596
0.042,0.020500111312323082,1.0,4.546955392135389,0.5513754902589213,1.1790350185067657,0.9785290629027602,0.8717858485931282,4.479360502153598
0.0425,0.020470111312323083,1.0,4.561603259499026,0.5552475428892595,1.176969741449118,0.9788073775097474,0.8747268424457293,4.496434810191477
0.043000000000000003,0.020440111312323084,1.0,4.576072466505545,0.5590861652169287,1.174904758401195,0.9790750813582231,0.8776333019544785,4.513285771526261
0.043500000000000004,0.020410111312323082,1.0,4.590364829636823,0.5628916426795678,1.1728400653326447,0.9793326351212955,0.8805052472632284,4.529915226096913
0.044,0.020380111312323083,1.0,4.604482195836625,0.5666642607148162,1.1707756582131168,0.9795804740997853,0.8833426982475069,4.546325043955539
0.0445,0.020350111312323085,1.0,4.618426441911555,0.5704043047603132,1.1687115330122595,0.9798190098675624,0.8861456745146131,4.562517124668463
0.045,0.020320111312323082,1.0,4.632199473938596,0.5741120602536979,1.1666476856997217,0.9800486317951588,0.8889141954037072,4.578493396723879
0.0455,0.020290111312323084,1.0,4.645803226683016,0.5777878126326094,1.1645841122451523,0.9802697084617498,0.8916482799859003,4.594255816949877
0.046,0.020260111312323085,1.0,4.659239663022701,0.5814318473346869,1.1625208086182004,0.9804825889646561,0.8943479470643452,4.609806369938894
0.0465,0.020230111312323083,1.0,4.672509546703644,0.5850443998689733,1.1604577725535468,0.9806875991090604,0.897013212908617,4.6251458390516085
0.047,0.020200111312323084,1.0,4.685613966250729,0.5886257732343684,1.1583950013481108,0.9808850547319916,0.8996440941917279,4.6402753326560395
0.0475,0.02017011131232308,1.0,4.698554729691674,0.5921762776856159,1.1563324912972364,0.9810752560933178,0.9022406086591981,4.655196679339981
0.048,0.020140111312323083,1.0,4.711332597105697,0.59569616531773,1.154270240233596,0.9812584825542033,0.9048027719130742,4.669910657995973
0.0485,0.020110111312323084,1.0,4.723948347241365,0.599185688225725,1.1522082459898617,0.9814349994625274,0.907330599410759,4.684418065997906
0.049,0.020080111312323082,1.0,4.736402777225701,0.6026450985046157,1.1501465063987057,0.9816050589812363,0.9098241064650536,4.698719718910186
0.0495,0.020050111312323083,1.0,4.748696702280515,0.6060746482494163,1.1480850192928003,0.9817689008607242,0.9122833082442039,4.712816450204125
0.05,0.020020111312323084,1.0,4.760830955435878,0.609474589555141,1.1460237825048178,0.9819267531594963,0.9147082197719426,4.7267091109714645
0.0505,0.019990111312323082,1.0,4.772806387249481,0.6128451745168045,1.1439627938674304,0.9820788329170006,0.917098855927535,4.740398569643802
0.051000000000000004,0.019960111312323083,1.0,4.784623865527942,0.6161866552294213,1.1419020512133105,0.9822253467822064,0.9194552314458201,4.753885711713949
0.051500000000000004,0.019930111312323084,1.0,4.796284275049375,0.6194992837880055,1.1398415523751302,0.9823664916012002,0.9217773609172549,4.7671714394585525
0.052000000000000005,0.019900111312323082,1.0,4.80778851728872,0.6227833122875717,1.137781295185562,0.9825024549668075,0.9240652587879562,4.780256671663486
0.0525,0.019870111312323083,1.0,4.819137510147489,0.6260389928231341,1.1357212774772776,0.9826334157330084,0.9263189393597433,4.793142343353647
0.053,0.019840111312323085,1.0,4.830332187681789,0.6292665774897074,1.13366149708295,0.9827595444966816,0.9285384167901782,4.805829405521035
0.0535,0.019810111312323082,1.0,4.841373265978644,0.6324663018323732,1.1316019521658227,0.9828810026644551,0.930723704744578,4.818318590772234
0.054,0.019780111312323084,1.0,4.852260666148619,0.6356383741003863,1.1295426420321986,0.9829979421127507,0.9328748155812706,4.8306098358113045
0.0545,0.019750111312323085,1.0,4.8629958253155054,0.6387831098357442,1.1274835638653709,0.9831105166647602,0.9349917637767357,4.842704594673482
0.055,0.019720111312323083,1.0,4.873579120840303,0.6419007316856649,1.125424716365988,0.9832188657541411,0.9370745620980457,4.8546032604351215
0.0555,0.019690111312323084,1.0,4.884010942373403,0.6449914622973665,1.1233660982346985,0.9833231226567293,0.9391232232253869,4.866306238349037
0.056,0.019660111312323085,1.0,4.894291691699436,0.648055524318067,1.1213077081721508,0.9834234148104959,0.9411377597520812,4.877813945689389
0.0565,0.019630111312323083,1.0,4.904421782583663,0.6510931403949846,1.1192495448789936,0.9835198641165003,0.9431181841846116,4.889126811598095
0.057,0.019600111312323084,1.0,4.91440164062026,0.6541045331753371,1.1171916070558756,0.9836125872221106,0.9450645089426449,4.900245276933157
0.0575,0.019570111312323085,1.0,4.924231703079276,0.6570899253063427,1.1151338934034452,0.9837016957876779,0.9469767463590565,4.911169794115641
0.058,0.019540111312323083,1.0,4.933912418755984,0.6600495394352194,1.113076402622351,0.9837872967377541,0.9488549086799519,4.92190082697906
0.0585,0.019510111312323084,1.0,4.943444247822114,0.6629835982091853,1.1110191334132413,0.983869492497871,0.9506990080646917,4.932438850620643
0.059000000000000004,0.019480111312323082,1.0,4.952827661673919,0.6658923242754584,1.108962084476765,0.9839483812178198,0.9525090565859133,4.942784351249422
0.059500000000000004,0.019450111312323083,1.0,4.962063142786162,0.6687759402812568,1.1069052545135705,0.9840240569823042,0.9542850662295549,4.952937826040256
0.06,0.019420111312323084,1.0,4.971151184563608,0.6716346688737984,1.1048486422243065,0.9840966100097762,0.9560270488948776,4.96289978298535
0.0605,0.019390111312323086,1.0,4.980092291194575,0.6744687327003015,1.1027922463096214,0.9841661268402092,0.9577350163944885,4.972670740747835
0.061,0.019360111312323083,1.0,4.988886281490446,0.6772782926911542,1.1007360664393637,0.9842326860530806,0.9594089796732964,4.982250532141277
0.0615,0.019330111312323085,1.0,4.997533980942827,0.6800636316506435,1.0986801008940377,0.984296371809505,0.9610489507501702,4.99163999711618
0.062,0.019300111312323082,1.0,5.006035704632808,0.682824959056877,1.0966243486795761,0.9843572597090788,0.9626549409689907,5.0008394648255905
0.0625,0.019270111312323084,1.0,5.014391660270091,0.6855624715491409,1.0945688089642553,0.9844154214468971,0.9642269614843287,5.009849156914855
0.063,0.019240111312323085,1.0,5.022602064579372,0.6882763657667215,1.092513480916352,0.9844709258888334,0.9657650233949592,5.018669303971795
0.0635,0.019210111312323083,1.0,5.030667143211883,0.690966838348905,1.090458363704142,0.9845238392014386,0.9672691377438766,5.027300145438269
0.064,0.019180111312323084,1.0,5.038587130653389,0.6936340859349779,1.0884034564959022,0.9845742249750523,0.9687393155183085,5.035741929518187
0.0645,0.01915011131232308,1.0,5.0463622701333914,0.6962783051642262,1.086348758459909,0.9846221443405364,0.9701755676497292,5.0439949130867285
0.065,0.019120111312323083,1.0,5.053992813536219,0.6988996926759362,1.0842942687644386,0.9846676560800005,0.9715779050138744,5.05205936160146
0.0655,0.019090111312323084,1.0,5.061479021310607,0.7014984451093943,1.0822399865777672,0.9847108167318805,0.9729463384307546,5.059935549011925
0.066,0.01906011131232308,1.0,5.068821162379286,0.7040747591038866,1.0801859110681717,0.9847516806906957,0.9742808786646691,5.067623757669254
0.0665,0.019030111312323083,1.0,5.076019514052348,0.7066288312986995,1.0781320414039282,0.9847903003017946,0.9755815364242194,5.075124278239546
0.067,0.019000111312323084,1.0,5.0830743619363545,0.7091608583331193,1.076078376753313,0.9848267259513765,0.9768483223623238,5.082437409612998
0.0675,0.018970111312323082,1.0,5.089985999846878,0.711671036846432,1.074024916284603,0.9848610061520647,0.9780812470762301,5.08956345881646
0.068,0.018940111312323083,1.0,5.096755731792333,0.7141595021210065,1.0719716577855354,0.9848931834434264,0.9792803219024071,5.096503743097228
0.0685,0.018910111312323084,1.0,5.103384421102538,0.716626481106841,1.0699185996652167,0.9849233048583361,0.9804455576834206,5.103259138802074
0.069,0.018880111312323082,1.0,5.109868740967382,0.7190722132786492,1.067865746110777,0.9849514169439496,0.9815769620193102,5.109826331829154
0.0695,0.018850111312323083,1.0,5.116205531067436,0.7214968696030941,1.0658131010785905,0.9849775601034088,0.9826745429056769,5.116202174925441
0.07,0.018820111312323085,1.0,5.12239163061157,0.7239006210468384,1.0637606685250307,0.9850017732678965,0.9837383085969647,5.12239163061157
0.07050000000000001,0.018790111312323082,1.0,5.1284238787666405,0.7262836385765451,1.0617084524064717,0.9850240939575328,0.9847682676063929,5.1284238787666405
0.07100000000000001,0.018760111312323084,1.0,5.134299115097493,0.7286460931588771,1.0596564566792874,0.9850445583394443,0.9857644287058892,5.134299115097493
0.07150000000000001,0.018730111312323085,1.0,5.140014180012478,0.7309881557604971,1.0576046852998517,0.9850632012831599,0.9867268009260202,5.140014180012478
0.07200000000000001,0.018700111312323082,1.0,5.14556591521826,0.7333099973480683,1.0555531422245386,0.9850800564134724,0.9876553935559208,5.14556591521826
0.0725,0.018670111312323084,1.0,5.150951164183674,0.7356117888882534,1.0535018314097215,0.9850951561609051,0.9885502161432229,5.150951164183674
0.073,0.018640111312323085,1.0,5.156166772609246,0.7378937013477154,1.0514507568117746,0.985108531809907,0.9894112784939826,5.156166772609246
0.0735,0.018610111312323083,1.0,5.1612095889063605,0.7401559056931171,1.049399922387072,0.985120213544899,0.990238590672605,5.1612095889063605
0.074,0.018580111312323084,1.0,5.16607646468608,0.7423985728911213,1.047349332091987,0.9851302304942797,0.9910321630017709,5.16607646468608
0.0745,0.018550111312323085,1.0,5.170764255251899,0.7446218739083912,1.0452989898828942,0.9851386107725015,0.9917920060623578,5.170764255251899
0.075,0.018520111312323083,1.0,5.175269820104221,0.7468259797115895,1.043248899716167,0.9851453815203137,0.9925181306933637,5.175269820104221
0.0755,0.018490111312323084,1.0,5.179590023452669,0.749011061267379,1.0411990655481793,0.9851505689432666,0.9932105479918273,5.179590023452669
0.076,0.018460111312323085,1.0,5.1837217347331155,0.7511772895424228,1.0391494913353052,0.9851541983485698,0.9938692693127474,5.1837217347331155
0.0765,0.018430111312323083,1.0,5.1876621077804295,0.7533248245456626,1.0371001806534144,0.9851562934752678,0.994494306381936,5.1876621077804295
0.077,0.018400111312323084,1.0,5.191417096266842,0.7554537861128667,1.0350511250751413,0.9851568739822957,0.9950856745238672,5.191417096266842
0.0775,0.018370111312323086,1.0,5.194989705287889,0.7575644079311553,1.0330023202230072,0.9851559660584607,0.9956433874395924,5.194989705287889
0.078,0.018340111312323083,1.0,5.198379887388084,0.7596568382600115,1.0309537659031507,0.9851535900875759,0.9961674575056518,5.198379887388084
0.0785,0.018310111312323085,1.0,5.2015876050348595,0.7617312253589187,1.0289054619217108,0.9851497657303122,0.9966578970843701,5.2015876050348595
0.079,0.018280111312323082,1.0,5.204612830593043,0.7637877174873602,1.0268574080848267,0.9851445119507041,0.9971147185238604,5.204612830593043
0.0795,0.018250111312323083,1.0,5.207455546301254,0.7658264629048194,1.0248096041986368,0.985137847041585,0.9975379341580279,5.207455546301254
0.08,0.018220111312323085,1.0,5.21011574424477,0.7678476098707795,1.02276205006928,0.9851297886490088,0.9979275563065744,5.21011574424477
0.0805,0.018190111312323082,1.0,5.212593426331707,0.769851306644724,1.0207147455028955,0.9851203537957002,0.998283597275001,5.212593426331707
0.081,0.018160111312323084,1.0,5.214888604268431,0.7718377014861362,1.018667690305622,0.9851095589035853,0.9986060693546136,5.214888604268431
0.0815,0.01813011131232308,1.0,5.217001299533096,0.7738069426544993,1.0166208842835984,0.9850974198154439,0.9988949848225249,5.217001299533096
0.082,0.018100111312323083,1.0,5.218931543352566,0.7757591784092969,1.0145743272429635,0.9850839518157277,0.99915035594166,5.218931543352566
0.0825,0.018070111312323084,1.0,5.220679376675645,0.777694557010012,1.012528018989856,0.9850691696505789,0.9993721949607592,5.220679376675645
0.083,0.01804011131232308,1.0,5.222244850148649,0.7796132267161281,1.0104819593304153,0.9850530875470943,0.9995605141143821,5.222244850148649
0.0835,0.018010111312323083,1.0,5.223628024091886,0.7815153357871286,1.0084361480707797,0.9850357192318637,0.9997153256229115,5.223628024091886
0.084,0.017980111312323084,1.0,5.224828968472754,0.7834010324824968,1.0063905850170884,0.9850170779488211,0.9998366416925575,5.224828968472754
0.0845,0.017950111312323082,1.0,5.225862436140269,0.785270440927234,1.0043452500116072,0.9849971737284239,0.9999244752093465,5.225862436140269
0.085,0.017920111312323083,1.0,5.226728973959844,0.7871236990748187,1.002300142242709,0.9849760182389176,0.9999788373826533,5.226728973959844
0.0855,0.017890111312323084,1.0,5.227388987184517,0.7889609905700694,1.000255315516972,0.9849536290144701,0.9999997392559472,5.227388987184517
0.08600000000000001,0.017860111312323082,1.0,5.227834472286884,0.7907824447139233,0.9982107806683964,0.9849300171219201,0.9999871947767337,5.227834472286884
0.08650000000000001,0.017830111312323083,1.0,5.22805743727162,0.7925881908073178,0.9961665485309822,0.9849051932342037,0.9999412185993387,5.22805743727162
0.08700000000000001,0.017800111312323084,1.0,5.228049903339449,0.7943783581511901,0.9941226299387291,0.9848791676440939,0.9998618260846515,5.228049903339449
0.08750000000000001,0.017770111312323082,1.0,5.227803906612743,0.7961530760464774,0.9920790357256373,0.9848519502774691,0.9997490332998571,5.227803906612743
0.088,0.017740111312323083,1.0,5.227311499922403,0.7979124737941171,0.9900357767257066,0.9848235507061384,0.9996028570181601,5.227311499922403
0.0885,0.017710111312323085,1.0,5.226564754653575,0.7996566806950465,0.987992863772937,0.9847939781602364,0.999423314718499,5.226564754653575
0.089,0.017680111312323082,1.0,5.225555762653335,0.8013858260502028,0.9859503077013285,0.984763241540212,0.9992104245852506,5.225555762653335
0.0895,0.017650111312323084,1.0,5.224276638199657,0.8031000391605233,0.9839081193448809,0.9847313494284285,0.9989642055079256,5.224276638199657
0.09,0.017620111312323085,1.0,5.222719520028697,0.8047994493269454,0.9818663095375942,0.9846983101003904,0.9986846770808546,5.222719520028697
0.0905,0.017590111312323083,1.0,5.220876573425264,0.8064841858504062,0.9798248891134685,0.9846641315356166,0.9983718596028647,5.220876573425264
0.091,0.017560111312323084,1.0,5.218739992373093,0.8081543780318431,0.9777838689065037,0.9846288214281724,0.9980257740769464,5.218739992373093
0.0915,0.017530111312323085,1.0,5.2163020017645625,0.8098101551721933,0.9757432597506996,0.9845923871968789,0.9976464422099119,5.2163020017645625
0.092,0.017500111312323083,1.0,5.21355485967291,0.8114516465723941,0.9737030724800563,0.9845548359952132,0.9972338864120434,5.21355485967291
0.0925,0.017470111312323084,1.0,5.210496849897568,0.8130789252796718,0.9716633097665147,0.984516170799823,0.996788127946446,5.210496849897568
0.093,0.017440111312323085,1.0,5.2071423937434895,0.8146921537564714,0.9696239523275837,0.9844763982234435,0.9963091829112124,5.2071423937434895
0.0935,0.017410111312323083,1.0,5.203492194952698,0.8162914946349895,0.967584999595416,0.9844355258920366,0.9957970709950833,5.203492194952698
0.094,0.017380111312323084,1.0,5.1995461662694336,0.8178770588482546,0.9655464521149628,0.9843935581661325,0.9952518121525338,5.1995461662694336
0.0945,0.017350111312323085,1.0,5.195304246485494,0.8194489573292946,0.9635083104311756,0.9843504991741526,0.9946734263696502,5.195304246485494
0.095,0.017320111312323083,1.0,5.190766400556024,0.8210073010111376,0.9614705750890057,0.9843063528193599,0.9940619336641122,5.190766400556024
0.0955,0.017290111312323084,1.0,5.1859326197138,0.8225522008268118,0.9594332466334043,0.9842611227865975,0.9934173540851752,5.1859326197138
0.096,0.017260111312323086,1.0,5.180802921582721,0.8240837677093454,0.9573963256093231,0.9842148125488395,0.9927397077136527,5.180802921582721
0.0965,0.017230111312323083,1.0,5.175377350293535,0.8256021125917664,0.9553598125617132,0.9841674253735546,0.9920290146618985,5.175377350293535
0.097,0.017200111312323085,1.0,5.169655976598665,0.827107346407103,0.953323708035526,0.9841189643288931,0.9912852950737887,5.169655976598665
0.0975,0.017170111312323082,1.0,5.163638897986171,0.8285995800883834,0.9512880125757128,0.9840694322897048,0.9905085691247043,5.163638897986171
0.098,0.017140111312323084,1.0,5.157326238796272,0.8300789245686355,0.949252726727225,0.9840188319433938,0.9896988570215132,5.157326238796272
0.0985,0.01711011131232308,1.0,5.150718150335172,0.8315454907808877,0.9472178510350141,0.9839671657956206,0.9888561790025522,5.150718150335172
0.099,0.017080111312323083,1.0,5.1438148109923265,0.8329993896581678,0.9451833860440312,0.983914436175852,0.9879805553376091,5.1438148109923265
0.0995,0.017050111312323084,1.0,5.136616426353975,0.8344407321335042,0.9431493322992278,0.9838606452427731,0.9870720063279055,5.136616426353975
0.1,0.01702011131232308,1.0,5.129123229320277,0.8358696291399249,0.9411156903455552,0.9838057949895621,0.9861305523060778,5.129123229320277
0.1005,0.016990111312323083,1.0,5.121335480221568,0.837286191610458,0.9390824607279646,0.9837498872490342,0.9851562136361601,5.121335480221568
0.101,0.016960111312323084,1.0,5.113253466932525,0.8386905304781318,0.9370496439914078,0.9836929236986638,0.984149010713566,5.113253466932525
0.1015,0.016930111312323082,1.0,5.104877504990373,0.8400827566759742,0.9350172406808357,0.9836349058654869,0.9831089639650703,5.104877504990373
0.10200000000000001,0.016900111312323083,1.0,5.096207038993075,0.8414629313030362,0.9329852525794162,0.9835758321570678,0.9820360945126214,5.096207038993075
0.10250000000000001,0.016870111312323084,1.0,5.08724331021171,0.8428311911956892,0.9309536790355809,0.9835157053060891,0.9809304222451137,5.08724331021171
0.10300000000000001,0.016840111312323082,1.0,5.077987226779371,0.8441876722044168,0.92892251989209,0.9834545278938189,0.9797919672860386,5.077987226779371
0.10350000000000001,0.016810111312323083,1.0,5.068438858105097,0.8455324684293201,0.9268917761866483,0.9833922998861521,0.9786207504434276,5.068438858105097
0.10400000000000001,0.016780111312323084,1.0,5.058598303142955,0.8468656739704995,0.9248614489569611,0.9833290211129928,0.9774167925886106,5.058598303142955
0.1045,0.016750111312323082,1.0,5.048465690615825,0.8481873829280558,0.9228315392407337,0.9832646912718632,0.9761801146561823,5.048465690615825
0.105,0.016720111312323083,1.0,5.038041179239825,0.8494976894020898,0.9208020480756708,0.9831993099314311,0.9749107376439665,5.038041179239825
0.1055,0.016690111312323085,1.0,5.027324957946901,0.8507966874927022,0.9187729764994776,0.9831328765349672,0.9736086826129824,5.027324957946901
0.106,0.016660111312323082,1.0,5.016317246110706,0.8520844712999938,0.9167443255498594,0.9830653904037276,0.9722739706874088,5.016317246110706
0.1065,0.016630111312323084,1.0,5.005018293771928,0.8533611349240651,0.9147160962645211,0.9829968507402732,0.9709066230545502,5.005018293771928
0.107,0.016600111312323085,1.0,4.993428381863741,0.8546267724650168,0.9126882896811679,0.9829272566317199,0.9695066609648014,4.993428381863741
0.1075,0.016570111312323083,1.0,4.981547822437993,0.85588147802295,0.9106609068375049,0.982856607052931,0.9680741057316121,4.981547822437993
0.108,0.016540111312323084,1.0,4.969376958893561,0.8571253456979651,0.9086339487712372,0.98278490086965,0.9666089787314524,4.969376958893561
0.1085,0.016510111312323085,1.0,4.956916166202203,0.8583584695901628,0.9066074165200697,0.9827121368415759,0.965111301403777,4.956916166202203
0.109,0.016480111312323083,1.0,4.944165851137514,0.8595809437996439,0.9045813111217077,0.9826383136253898,0.9635810952509907,4.944165851137514
0.1095,0.016450111312323084,1.0,4.9311264525039356,0.8607928624265092,0.9025556336138564,0.982563429777727,0.962018381838412,4.9311264525039356
0.11,0.016420111312323085,1.0,4.917798441365126,0.8619943195708594,0.9005303850342207,0.9824874837581035,0.9604231827942384,4.917798441365126
0.1105,0.016390111312323083,1.0,4.904182321274332,0.8631854093327951,0.8985055664205056,0.982410473931797,0.9587955198095104,4.904182321274332
0.111,0.016360111312323084,1.0,4.8902786285045545,0.8643662258124172,0.8964811788104166,0.9823323985726847,0.9571354146380762,4.8902786285045545
0.1115,0.016330111312323085,1.0,4.876087751453261,0.8655368602887406,0.8944572234963545,0.9822532557037049,0.9554428893116061,4.876087751453261
0.112,0.016300111312323083,1.0,4.861609435584026,0.8666973923325241,0.8924337027259722,0.9821730425765155,0.9537179667630219,4.861609435584026
0.1125,0.016270111312323084,1.0,4.846843976404482,0.8678479079762254,0.8904106180244648,0.9820917567127421,0.9519606694328809,4.846843976404482
0.113,0.016240111312323086,1.0,4.831791745146134,0.8689884936944398,0.8883879708608045,0.9820093955716009,0.9501710198057255,4.831791745146134
0.1135,0.016210111312323083,1.0,4.816453109409657,0.8701192351764879,0.8863657627602439,0.9819259564812746,0.9483490405077554,4.816453109409657
0.114,0.016180111312323085,1.0,4.800828436425599,0.871240217391548,0.8843439953006185,0.9818414366444894,0.9464947543079065,4.800828436425599
0.1145,0.016150111312323082,1.0,4.784918094120973,0.8723515245704151,0.8823226701117571,0.9817558331388678,0.9446081841214946,4.784918094120973
0.115,0.016120111312323084,0.0,4.768718700418442,0.8721864066338684,0.8803017942184944,0.9815853756617757,0.9426893581307534,4.768718700418442
0.1155,0.01609011131232308,0.0,4.751396065307771,0.8551027735878816,0.8782825601458628,0.9802346423987537,0.940739459341418,4.751396065307771
0.116,0.016060111312323083,0.0,4.732509393045727,0.8383537398559862,0.876265607081839,0.9787871896928801,0.9387592000366966,4.732509393045727
0.1165,0.016030111312323084,0.0,4.712246642341534,0.8219327980648379,0.8742506793888232,0.9772364115944694,0.9367484334633098,4.712246642341534
0.117,0.01600011131232308,0.0,4.690754936837141,0.8058336311182663,0.8722375788650949,0.9755753102164639,0.9347070549829886,4.690754936837141
0.11750000000000001,0.015970111312323083,0.0,4.668191333216759,0.790049592537218,0.8702260919934625,0.9737964215764008,0.9326349312028429,4.668191333216759
0.11800000000000001,0.015940111312323084,0.0,4.644601833961597,0.7745746723416232,0.8682161640984865,0.9718919073279686,0.9305320823803318,4.644601833961597
0.11850000000000001,0.01591011131232308,0.0,4.620019743072931,0.7594029460848251,0.8662077588818294,0.9698534831033224,0.9283985448663092,4.620019743072931
0.11900000000000001,0.015880111312323083,0.0,4.594478463258525,0.7445284893201666,0.8642008400451539,0.9676723903603528,0.9262343526222324,4.594478463258525
0.11950000000000001,0.015850111312323084,0.0,4.568010031202407,0.7299454051047762,0.8621953733805723,0.9653393818835367,0.9240395395291204,4.568010031202407
0.12,0.015820111312323082,0.0,4.540622449444219,0.7156479732917034,0.8601913598486421,0.9628447342030317,0.9218141765561125,4.540622449444219
0.1205,0.015790111312323083,0.0,4.5123125946687415,0.7016304143666873,0.8581888171910748,0.9601782001339635,0.9195583537213343,4.5123125946687415
0.121,0.015760111312323084,0.0,4.483057858887729,0.6878874289672737,0.856187792483581,0.9573290950785461,0.9172721958770178,4.483057858887729
0.1215,0.015730111312323082,0.0,4.452836401696385,0.6744137177310081,0.854188332801872,0.9542862203051649,0.9149558308356095,4.452836401696385
0.122,0.015700111312323083,0.0,4.421627187781089,0.661203981295436,0.8521904852216586,0.9510378571180038,0.9126093893639652,4.421627187781089
0.1225,0.015670111312323085,0.0,4.38940627296964,0.6482530338738615,0.8501943023895641,0.9475717927849487,0.9102330118538025,4.38940627296964
0.123,0.015640111312323082,0.0,4.356146521487708,0.6355556419802787,0.8481998431098867,0.943875290248029,0.907826849472548,4.356146521487708
0.1235,0.015610111312323083,0.0,4.321812042480038,0.6231068788032004,0.8462071808590347,0.9399351934451464,0.9053910751226973,4.321812042480038
0.124,0.015580111312323085,0.0,4.286363426538463,0.6109019999194941,0.8442163963014037,0.9357379348083467,0.9029258752747147,4.286363426538463
0.1245,0.015550111312323082,0.0,4.249762681918281,0.5989362609060275,0.8422275701013895,0.931269515985682,0.9004314414555521,4.249762681918281
0.125,0.015520111312323084,0.0,4.211973314506503,0.5872049173396681,0.8402407829233879,0.9265155375781696,0.8979079702362717,4.211973314506503
0.1255,0.015490111312323085,0.0,4.1729555984985724,0.5757034057042432,0.8382561227593547,0.9214613110202272,0.8953556727006522,4.1729555984985724
0.126,0.015460111312323083,0.0,4.13267162337378,0.5644270238019141,0.8362736775178605,0.9160917923740112,0.8927747653058978,4.13267162337378
0.1265,0.015430111312323084,0.0,4.091076479803108,0.5533715010525755,0.8342935487274328,0.9103918884655868,0.8901654880266092,4.091076479803108
0.127,0.015400111312323083,0.0,4.04812694329402,0.5425325898602096,0.832315838631748,0.9043463910171216,0.887528088104904,4.04812694329402
0.1275,0.015370111312323083,0.0,4.003782071200144,0.5319060426287981,0.8303406494744826,0.8979400524974599,0.8848628191170385,4.003782071200144
0.128,0.015340111312323084,0.0,3.958002815207569,0.5214876725516571,0.8283680843091858,0.8911577181436786,0.882169942065205,3.958002815207569
0.1285,0.015310111312323084,0.0,3.9107495794297176,0.5112733124054081,0.8263982510780138,0.8839844223408574,0.8794497310849106,3.9107495794297176
0.129,0.015280111312323083,0.0,3.861983364522051,0.5012589341635182,0.82443126118034,0.8764055958634454,0.8767024717970962,3.861983364522051
0.1295,0.015250111312323084,0.0,3.8116670738509253,0.491440735030278,0.8224672277532391,0.86840729773438,0.8739284591135189,3.8116670738509253
0.13,0.015220111312323084,0.0,3.7597668009966503,0.48181491220997813,0.8205062639337857,0.8599762441094546,0.8711279948519688,3.7597668009966503
0.1305,0.015190111312323083,0.0,3.7062520059454536,0.4723776629069091,0.8185484828590543,0.8510999727032313,0.8683013877089965,3.7062520059454536
0.131,0.015160111312323083,0.0,3.6510997774187133,0.4631253688560233,0.816593991025717,0.8417671825949252,0.8654489434885009,3.6510997774187133
0.1315,0.015130111312323084,0.0,3.5942768388068598,0.4540541302728779,0.81464291785967,0.8319675344529456,0.8625710084016919,3.5942768388068598
0.132,0.015100111312323083,0.0,3.535768889597217,0.4451604811927382,0.8126953684320384,0.8216924744543975,0.8596678999727606,3.535768889597217
0.1325,0.015070111312323083,0.0,3.475569008254236,0.4364410625536561,0.810751442145431,0.8109352186569807,0.8567399333998634,3.475569008254236
0.133,0.015040111312323082,0.0,3.4136743271656935,0.42789251529368333,0.8088112384024571,0.7996908700294797,0.8537874297551915,3.4136743271656935
0.1335,0.015010111312323084,0.0,3.350086221344933,0.4195114803508718,0.8068748566057252,0.7879566207526009,0.8508107159557632,3.350086221344933
0.134,0.014980111312323083,0.0,3.284810502238926,0.4112945986632734,0.8049423961578447,0.775731947167757,0.8478101247334272,3.284810502238926
0.1345,0.014950111312323083,0.0,3.217875187550864,0.40323873121412634,0.8030139259960133,0.7630190841242411,0.8447859465939835,3.217875187550864
0.135,0.014920111312323084,0.0,3.1492829710257637,0.39534048429244456,0.801089566602692,0.7498226263982618,0.8417385579427805,3.1492829710257637
0.1355,0.014890111312323083,0.0,3.0790907099555453,0.38759690625553667,0.7991693522893925,0.7361505758298136,0.8386682037605514,3.0790907099555453
0.136,0.014860111312323083,0.0,3.0073591401078525,0.3800050489615036,0.7972533167374967,0.7220139731579823,0.8355751297042167,3.0073591401078525
0.1365,0.014830111312323082,0.0,2.9341525809919333,0.3725619642684465,0.7953414936283868,0.707426986427687,0.8324595830789614,2.9341525809919333
0.137,0.014800111312323084,0.0,2.859539008898706,0.3652647040344664,0.793433916643445,0.6924069652781232,0.8293218128269311,2.859539008898706
0.1375,0.014770111312323083,0.0,2.7836064947446895,0.35811041712282793,0.7915305889577995,0.6769746124997107,0.8261620186388722,2.7836064947446895
0.138,0.014740111312323083,0.0,2.706432060106795,0.3510961806032116,0.7896315401015709,0.6611537002349844,0.8229804443198521,2.706432060106795
0.1385,0.014710111312323084,0.0,2.6281320285219754,0.3442192474662265,0.787736731320412,0.6449713893580781,0.8197772190778281,2.6281320285219754
0.139,0.014680111312323083,0.0,2.548851033183064,0.3374770251548834,0.7858460718445556,0.6284581325954676,0.816552380222371,2.548851033183064
0.1395,0.014650111312323083,0.0,2.4687335399642176,0.33086692111219307,0.783959470904234,0.6116472475611825,0.8133059591520859,2.4687335399642176
0.14,0.014620111312323082,0.0,2.387923654882899,0.3243863427811661,0.7820768377296801,0.594574676618065,0.8100379813844152,2.387923654882899
0.1405,0.014590111312323083,0.0,2.30656493582055,0.31803269760481334,0.780198081551126,0.5772786972974009,0.8067484665847782,2.30656493582055
0.14100000000000001,0.014560111312323083,0.0,2.2248304218085635,0.31180355708413715,0.7783230485976957,0.5597999331146271,0.8034373168679217,2.2248304218085635
0.14150000000000001,0.014530111312323082,0.0,2.142876307259241,0.30569629736112774,0.7764516141751917,0.5421802032410129,0.8001044767804906,2.142876307259241
0.14200000000000002,0.014500111312323084,0.0,2.060902650819186,0.29970863591724695,0.7745835533730012,0.5244633311067877,0.7967497023602297,2.060902650819186
0.14250000000000002,0.014470111312323083,0.0,1.979103393930967,0.2938382918427914,0.7727186408058287,0.506694003386545,0.7933727350514004,1.979103393930967
0.14300000000000002,0.014440111312323083,0.0,1.897665749169036,0.2880829842280579,0.770856651088379,0.48891730780434295,0.7899733025982685,1.897665749169036
0.14350000000000002,0.014410111312323082,0.0,1.8167698466187572,0.282440432163343,0.7689973588353564,0.4711782672026681,0.7865511190998355,1.8167698466187572
0.14400000000000002,0.014380111312323083,0.0,1.736574620509247,0.27690844180963525,0.7671405711992259,0.45352165979950665,0.7831059456743088,1.736574620509247
0.1445,0.014350111312323085,0.0,1.657298273937745,0.2714847345910684,0.7652859365860342,0.43599088261039354,0.7796372337428192,1.657298273937745
0.145,0.014320111312323084,0.0,1.5791024508261233,0.2661671930469896,0.7634332113218905,0.4186285132691824,0.7761446179781066,1.5791024508261233
0.1455,0.014290111312323084,0.0,1.5021105504547612,0.2609538149408729,0.7615822259067866,0.40147575597164226,0.7726278599857499,1.5021105504547612
0.146,0.014260111312323085,0.0,1.4264397120610792,0.25584259803619236,0.7597328108407148,0.384571660216618,0.769086711253985,1.4264397120610792
0.1465,0.014230111312323084,0.0,1.3522006698391411,0.2508315400964219,0.7578847966236665,0.36795278920482083,0.7655209131761467,1.3522006698391411
0.147,0.014200111312323084,0.0,1.2794976227884662,0.24591863888503546,0.756038013755634,0.3516529390292769,0.761930197070815,1.2794976227884662
0.1475,0.014170111312323085,0.0,1.2083033110712744,0.24110204046565833,0.7541926458720617,0.3357036890083034,0.7583149786264893,1.2083033110712744
0.148,0.014140111312323084,0.0,1.1388567433253827,0.2363796601832102,0.7523481233317982,0.32013202717545064,0.7546741919308712,1.1388567433253827
0.1485,0.014110111312323084,0.0,1.0710216776993802,0.23174972236290745,0.750504934127162,0.30496356954058496,0.7510088484204329,1.0710216776993802
0.149,0.014080111312323083,0.0,1.0046492008751464,0.2272104851597333,0.7486636690999567,0.29022068729989736,0.7473201950788159,1.0046492008751464
0.1495,0.014050111312323085,0.0,0.9396156303342765,0.22276020672867097,0.7468249190919859,0.2759222758489706,0.7436095136288821,0.9396156303342765
0.15,0.014020111312323084,0.0,0.8758231921891696,0.21839714522470371,0.7449892749450533,0.26208377841910285,0.7398781204278015,0.8758231921891696
0.1505,0.013990111312323084,0.0,0.8132008794492105,0.21411955880281475,0.7431573275009627,0.2487172581709754,0.7361273663342092,0.8132008794492105
0.151,0.013960111312323085,0.0,0.7516682472317182,0.20992574486006838,0.7413298012083841,0.23583172312984446,0.7323589130284236,0.7516682472317182
0.1515,0.013930111312323084,0.0,0.6910164333612222,0.20581403780905597,0.7395080324352291,0.2234335996205093,0.7285757393369374,0.6910164333612222
0.152,0.013900111312323084,0.0,0.6311138143142462,0.2017828553960647,0.7376933128330162,0.21152645932407907,0.7247808074699285,0.6311138143142462
0.1525,0.013870111312323083,0.0,0.5718999116332141,0.19783065062533328,0.735886921360082,0.2001111056163904,0.7209771267653781,0.5718999116332141
0.153,0.013840111312323084,0.0,0.5133867942836575,0.19395587650110052,0.7340901369747632,0.18918570743487803,0.7171677789835993,0.5133867942836575
0.1535,0.013810111312323084,0.0,0.4556669836389079,0.1901569976723084,0.73230422952633,0.178746056751663,0.7133558978820328,0.4556669836389079
0.154,0.013780111312323083,0.0,0.3989292993125235,0.18643251244470574,0.7305304119472157,0.1687858327368949,0.7095445644586509,0.3989292993125235
0.1545,0.013750111312323085,0.0,0.34346876576100815,0.18278098032442,0.7287698056480783,0.1592968882835359,0.7057367266872749,0.34346876576100815
0.155,0.013720111312323084,0.0,0.28967492985528276,0.17920098155351422,0.7270235133286539,0.15026943634527726,0.7019353508982735,0.28967492985528276
0.1555,0.013690111312323084,0.0,0.2380063300642087,0.17569110930828843,0.7252928229778165,0.14169237185795786,0.6981438675700109,0.2380063300642087
0.156,0.013660111312323083,0.0,0.18912333878630508,0.17224997111917342,0.7235784312701546,0.13355309324793393,0.6943644653637255,0.18912333878630508
0.1565,0.013630111312323084,0.0,0.1435602295310874,0.1688762391370934,0.7218827876754421,0.12583898475597383,0.6906032648352671,0.1435602295310874
0.157,0.013600111312323084,0.0,0.10203845624474861,0.16556859806306326,0.7202087239125646,0.11853667436366681,0.686867367301458,0.10203845624474861
0.1575,0.013570111312323083,0.0,0.0655110661267001,0.16232574118751056,0.7185596943500778,0.11163227923086151,0.6831654174227135,0.0655110661267001
0.158,0.013540111312323083,0.0,0.03508574677673009,0.15914640292540747,0.7169427384721193,0.10511275220483043,0.6795143467853478,0.03508574677673009
0.1585,0.013510111312323084,0.0,0.01248888135376028,0.15602933913113426,0.7153688213601503,0.09896575239834102,0.6759403685843599,0.01248888135376028
0.159,0.013480111312323084,0.0,0.0006822678687223266,0.15297333101801636,0.7138575770908279,0.09318110929781705,0.6724900552466739,0.0006822678687223266
0.1595,0.013450111312323083,0.0,0.0,0.14997718164629023,0.7124386106532189,0.08775060648767724,0.6692337894277959,0.0
0.16,0.013420111312323084,0.0,0.0,0.14703971913225736,0.7111196073587672,0.082657313490164,0.6661924749897887,0.0
0.1605,0.013390111312323084,0.0,0.0,0.14415979920593675,0.70989198586028,0.07787957155098472,0.6633493605276322,0.0
0.161,0.013360111312323083,0.0,0.0,0.14133627581767397,0.7087466307967282,0.07339684142446697,0.6606858997109706,0.0
0.1615,0.013330111312323083,0.0,0.0,0.13856806410424763,0.707676282401816,0.06919042726486636,0.6581873765183087,0.0
0.162,0.013300111312323084,0.0,0.0,0.13585408034172777,0.7066737156460298,0.06524273917897086,0.6558387636283751,0.0
0.1625,0.013270111312323083,0.0,0.0,0.1331932548347355,0.7057321286572271,0.061537360992247686,0.6536256795815731,0.0
0.163,0.013240111312323083,0.0,0.0,0.13058454071681108,0.7048454435933854,0.058059054153533476,0.6515351513296583,0.0
0.1635,0.013210111312323084,0.0,0.0,0.1280269296045654,0.7040086547455283,0.054793755761302854,0.6495564941377926,0.0
0.164,0.013180111312323084,0.0,0.0,0.12551941899032135,0.7032168981459375,0.05172824812251065,0.6476791618155247,0.0
0.1645,0.013150111312323083,0.0,0.0,0.12306101682295942,0.7024656288229087,0.04885015547928621,0.6458931918730115,0.0
0.165,0.013120111312323083,0.0,0.0,0.12065076879537501,0.7017511559710762,0.04614801352849484,0.6441905081416427,0.0
0.1655,0.013090111312323084,0.0,0.0,0.11828773568610244,0.7010701046268074,0.04361107619199669,0.6425636706086886,0.0
0.166,0.013060111312323083,0.0,0.0,0.11597099303197089,0.700419352016,0.04122926085098053,0.6410057414139467,0.0
0.1665,0.013030111312323083,0.0,0.0,0.11369961430949123,0.6997958497785944,0.038993067577007996,0.6395098727593751,0.0
0.16666666666666669,0.013020111312323081,0.0,0.0,0.11295241838952953,0.699593686462783,0.038278496399185784,0.639024187147917,0.0
0.16716666666666669,0.013110111312323081,0.0,0.0,0.11074017211406817,0.6990030860733157,0.03622288036489076,0.6376034312264489,0.0
0.16766666666666669,0.013200111312323081,0.0,0.0,0.1085712638479856,0.6984346359227918,0.03429314437140408,0.6362333247559233,0.0
0.1681666666666667,0.013290111312323083,0.0,0.24681496712901296,0.10644483461864418,0.6979847906768746,0.03249318636101923,0.635147253350035,0.24681496712901296
0.1686666666666667,0.013380111312323082,0.0,0.8136612226002581,0.1043600562120405,0.701595853561531,0.03125255484228611,0.6438198615533149,0.8136612226002581
0.1691666666666667,0.013470111312323082,0.0,0.8232257474591302,0.10231611312847091,0.7076947573572021,0.030334620252278066,0.6582305804941402,0.8232257474591302
0.1696666666666667,0.013560111312323082,0.0,0.820036599174183,0.10031220550434586,0.7138374868022541,0.02945256150168897,0.6724440641613997,0.820036599174183
0.1701666666666667,0.013650111312323082,0.0,0.8164301374706792,0.09834754953156533,0.7199816738437661,0.02860061590022875,0.6863589480666441,0.8164301374706792
0.1706666666666667,0.013740111312323082,0.0,0.8125708460409355,0.0964213748313207,0.726126760593903,0.027777745959749096,0.6999737949488427,0.8125708460409355
0.1711666666666667,0.013830111312323083,0.0,0.8084854983963328,0.09453297274051706,0.732272660858533,0.02698302879659105,0.7132882875049198,0.8084854983963328
0.1716666666666667,0.013920111312323083,0.0,0.8042011425908763,0.09268159761139304,0.7384192870014059,0.02621553114381149,0.7263021223485886,0.8042011425908763
0.1721666666666667,0.014010111312323083,0.0,0.799741904921717,0.09086638797115992,0.7445665609212427,0.025474257010278573,0.7390150328015952,0.799741904921717
0.1726666666666667,0.014100111312323083,0.0,0.7951262808842728,0.08908668748520385,0.750714423531094,0.02475837804164853,0.7514268054582608,0.7951262808842728
0.1731666666666667,0.014190111312323082,0.0,0.7903726271020423,0.08734183981891092,0.7568628157440096,0.024067080495571044,0.7635372385282743,0.7903726271020423
0.1736666666666667,0.014280111312323082,0.0,0.7854991442500803,0.08563118863766726,0.7630116784730399,0.02339956556932858,0.7753461418393366,0.7854991442500803
0.1741666666666667,0.014370111312323084,0.0,0.7805238617833925,0.083954077606859,0.7691609526312349,0.022755049684443463,0.786853336839524,0.7805238617833925
0.1746666666666667,0.014460111312323084,0.0,0.7754646244693668,0.08230985039187225,0.7753105791316448,0.022132764730198325,0.7980586565993726,0.7754646244693668
0.1751666666666667,0.014550111312323083,0.0,0.7703390807253552,0.08069785065809314,0.78146049888732,0.021531958268082883,0.8089619458136839,0.7703390807253552
0.1756666666666667,0.014640111312323083,0.0,0.7651646727603275,0.07911742207090777,0.7876106528113105,0.02095189369923333,0.8195630608030492,0.7651646727603275
0.1761666666666667,0.014730111312323085,0.0,0.7599509849750246,0.07756798024519268,0.7937610090874682,0.020391897195625407,0.8298619145095224,0.7599509849750246
0.1766666666666667,0.014820111312323084,0.0,0.754706129281132,0.07604884915887913,0.7999115407594388,0.01985125189027084,0.8398584339149532,0.754706129281132
0.1771666666666667,0.014910111312323084,0.0,0.7494428036719836,0.07455941753893992,0.8060622040378708,0.01932929578919851,0.8495525251894062,0.7494428036719836
0.1776666666666667,0.015000111312323084,0.0,0.7441700005025901,0.07309914028925513,0.8122129678899612,0.018825421594240076,0.858944122285213,0.7441700005025901
0.1781666666666667,0.015090111312323084,0.0,0.73889659231223,0.07166747231370477,0.8183638012829078,0.018339033974011217,0.8680331652624199,0.73889659231223
0.1786666666666667,0.015180111312323084,0.0,0.7336313304601542,0.07026386851616892,0.8245146731839078,0.01786954970302081,0.8768196002889973,0.7336313304601542
0.1791666666666667,0.015270111312323083,0.0,0.7283828442591775,0.06888778380052764,0.8306655525601586,0.01741639777410595,0.8853033796409744,0.7283828442591775
0.1796666666666667,0.015360111312323085,0.0,0.7231596406067036,0.06753867307066097,0.8368164083788577,0.016979019485561853,0.8934844617024971,0.7231596406067036
0.1801666666666667,0.015450111312323085,0.0,0.7179701041138656,0.06621599123044898,0.8429672096072025,0.016556868504368317,0.901362810965807,0.7179701041138656
0.1806666666666667,0.015540111312323085,0.0,0.7128199183301661,0.06491923961247373,0.8491179347146223,0.016149436599971204,0.908938409500876,0.7128199183301661
0.1811666666666667,0.015630111312323086,0.0,0.7077105907840749,0.06364788155416495,0.8552685773010761,0.015756206710524696,0.9162112611341816,0.7077105907840749
0.1816666666666667,0.015720111312323086,0.0,0.7026483120487819,0.0624013647165137,0.8614191135013844,0.015376664753410853,0.9231813515890314,0.7026483120487819
0.1821666666666667,0.015810111312323086,0.0,0.6976364854688222,0.061179236952084735,0.8675695294905214,0.015010361674701145,0.9298486819225524,0.6976364854688222
0.1826666666666667,0.015900111312323086,0.0,0.6926784632196168,0.0599810461134428,0.8737198114434606,0.014656857711930604,0.9362132559124994,0.6926784632196168
0.1831666666666667,0.015990111312323085,0.0,0.6877775472158542,0.05880634005315266,0.879869945535176,0.014315722456031178,0.9422750800571136,0.6877775472158542
0.1836666666666667,0.016080111312323085,0.0,0.6829369901186296,0.05765466662377906,0.8860199179406414,0.013986534895863156,0.9480341635749675,0.6829369901186296
0.1841666666666667,0.016170111312323085,0.0,0.678159996441438,0.05652557367788678,0.8921697148348308,0.013668883446262794,0.9534905184047932,0.678159996441438
0.1846666666666667,0.016260111312323085,0.0,0.6734497237549841,0.05541860906804055,0.8983193223927177,0.013362365960549117,0.9586441592052957,0.6734497237549841
0.1851666666666667,0.016350111312323085,0.0,0.668809283990627,0.05433332064680515,0.9044687267892763,0.01306658972844725,0.9634951033549523,0.668809283990627
0.1856666666666667,0.016440111312323084,0.0,0.6642378491693963,0.05326933672498096,0.9106179290662627,0.012781209283300884,0.9680433815823855,0.6642378491693963
0.1861666666666667,0.016530111312323084,0.0,0.6597362246785319,0.0522261449754874,0.9167669240495939,0.012505821712163627,0.9722890202713357,0.6597362246785319
0.1866666666666667,0.016620111312323087,0.0,0.6553054830182854,0.051203341095268154,0.9229157054933494,0.012240083708254829,0.9762320461616478,0.6553054830182854
0.1871666666666667,0.016710111312323087,0.0,0.650945909195757,0.05020055337227802,0.9290642701295261,0.011983674382943555,0.9798724889109727,0.650945909195757
0.1876666666666667,0.016800111312323087,0.0,0.6466577840981573,0.049217410094471795,0.9352126146901203,0.011736279827842973,0.9832103788188368,0.6466577840981573
0.1881666666666667,0.016890111312323087,0.0,0.6424413848614114,0.048253539549804284,0.941360735907129,0.011497593129894186,0.9862457468265862,0.6424413848614114
0.1886666666666667,0.016980111312323087,0.0,0.6382969852449266,0.04730857002623029,0.9475086305125486,0.011267314375572483,0.9889786245173274,0.6382969852449266
0.1891666666666667,0.017070111312323086,0.0,0.6342248560114215,0.0463821298117046,0.9536562952383759,0.011045150644828434,0.9914090441158697,0.6342248560114215
0.1896666666666667,0.017160111312323086,0.0,0.6302252653125202,0.04547384719418203,0.9598037268166074,0.010830815995390281,0.9935370384886643,0.6302252653125202
0.1901666666666667,0.017250111312323086,0.0,0.6262984790798044,0.04458335046161737,0.9659509219792399,0.010624031438064587,0.9953626411437447,0.6262984790798044
0.1906666666666667,0.017340111312323086,0.0,0.622442719137249,0.043710335927346286,0.9720978855095146,0.010424551964956626,0.9968858880278394,0.622442719137249
0.1911666666666667,0.01743011131232309,0.0,0.6186564276998427,0.04285438787259856,0.9782446214118804,0.010232094135767617,0.9981068140099504,0.6186564276998427
0.1916666666666667,0.01752011131232309,0.0,0.6149390105560032,0.04201515970653999,0.9843911299503364,0.010046408810947524,0.9990254527030908,0.6149390105560032
0.1921666666666667,0.01761011131232309,0.0,0.6112892660562345,0.041192348810407675,0.9905374138404262,0.009867269614497857,0.9996418378526906,0.6112892660562345
0.1926666666666667,0.01770011131232309,0.0,0.6077060085790458,0.04038565256543873,0.9966834757976932,0.009694455227067482,0.9999560026688621,0.6077060085790458
0.1931666666666667,0.01779011131232309,0.0,0.6041880682175768,0.039594768352870256,1.0028293185376813,0.009527749383848842,0.9999679798264494,0.6041880682175768
0.1936666666666667,0.017880111312323088,0.0,0.6007342904698294,0.03881939355393936,1.0089749447759342,0.009366940865565769,0.9996778014650757,0.6007342904698294
0.1941666666666667,0.017970111312323088,0.0,0.5973435359332127,0.03805922554988315,1.0151203572279952,0.009211823482950368,0.9990854991891912,0.5973435359332127
0.1946666666666667,0.018060111312323088,0.0,0.5940146800023368,0.037313961721938724,1.0212655586094082,0.009062196055113061,0.9981911040681193,0.5940146800023368
0.1951666666666667,0.018150111312323088,0.0,0.5907466125708275,0.03658329945134319,1.0274105516357168,0.008917862382218842,0.9969946466361028,0.5907466125708275
0.1956666666666667,0.018240111312323087,0.0,0.5875453756873359,0.035866943838088326,1.0335553100589654,0.008778633327046618,0.9954961646673868,0.5875453756873359
0.1961666666666667,0.018330111312323087,0.0,0.5844408988942309,0.03516468422059435,1.039699710191542,0.008644350848649434,0.9936957320428303,0.5844408988942309
0.1966666666666667,0.018420111312323087,0.0,0.5812932718069873,0.034476111980335726,1.0458443198950493,0.008514806365621486,0.9915931933334415,0.5812932718069873
0.1971666666666667,0.018510111312323087,0.0,0.5781678990423407,0.03380098548315396,1.0519888733329132,0.008389838201026624,0.9891886281982972,0.5781678990423407
0.1976666666666667,0.01860011131232309,0.0,0.5751294861378766,0.03313906309489058,1.0581331046685591,0.008269288797118468,0.9864821685663774,0.5751294861378766
0.1981666666666667,0.01869011131232309,0.0,0.5722420655460967,0.032490103181387085,1.0642767480654125,0.008153004658761565,0.9834739986325419,0.5722420655460967
0.1986666666666667,0.01878011131232309,0.0,0.5695690591548106,0.03185386410848501,1.0704195376868992,0.008040836295872513,0.9801643548478535,0.5694169032194437
0.19916666666666671,0.01887011131232309,0.0,0.5671733773339993,0.031230104242025852,1.0765612076964448,0.007932638164978308,0.9765535259042474,0.566479643838172
0.19966666666666671,0.01896011131232309,0.0,0.5651175545087459,0.03061858194785114,1.082701492257475,0.007828268609996728,0.9726418527135473,0.5634902927390769
0.20016666666666671,0.01905011131232309,0.0,0.5634639212584367,0.030019055591802384,1.0888401255334152,0.007727589802349799,0.9684297283808281,0.5605115117353922
0.20066666666666672,0.01914011131232309,0.0,0.5622748129427174,0.0294312835397211,1.094976841687691,0.007630467680528958,0.9639175981721251,0.5576060352154147
0.20116666666666672,0.01923011131232309,0.0,0.561612814852891,0.028855024157448804,1.1011113748837285,0.007536771889237597,0.9591059594764885,0.5548369152445848
0.20166666666666672,0.01932011131232309,0.0,0.561510882665726,0.02829004938709254,1.1072435844724506,0.007446380806953732,0.9539952543580014,0.5522375869879407
0.20216666666666672,0.01941011131232309,0.0,0.5617304654519191,0.027736174357539396,1.113374459668103,0.007359199359027351,0.9485849275798628,0.5495694465276338
0.20266666666666672,0.01950011131232309,0.0,0.5623654937562219,0.027193098720511722,1.1195036116585555,0.007275088582339545,0.9428755472022446,0.5469268999093474
0.20316666666666672,0.01959011131232309,0.0,0.5634146129722302,0.02666063107956453,1.125631048973706,0.00719394675586214,0.936867358135065,0.5443089166075868
0.20366666666666672,0.01968011131232309,0.0,0.5648769182302654,0.02613858003825282,1.1317567801434538,0.007115674414164948,0.9305606035449183,0.5417149135677466
0.20416666666666672,0.01977011131232309,0.0,0.5667519468571525,0.0256267542001316,1.1378808136976968,0.007040174346294488,0.9239555248562441,0.5391447476674053
0.20466666666666672,0.01986011131232309,0.0,0.5690396708722308,0.025124962168755878,1.1440031581663341,0.006967351591717321,0.917052361752487,0.5365987082138453
0.20516666666666672,0.01995011131232309,0.0,0.5717404895225185,0.024633012547680654,1.1501238220792638,0.006897113433482021,0.9098513521772542,0.5340775094807195
0.20566666666666672,0.02004011131232309,0.0,0.5748552218539353,0.024150713940460942,1.1562428139663847,0.006829369388757903,0.9023527323354628,0.5315822832807683
0.20616666666666672,0.02013011131232309,0.0,0.5783850993215087,0.023677874950651746,1.1623601423575953,0.006764031196912688,0.8945567366944855,0.5291145715775126
0.20666666666666672,0.02022011131232309,0.0,0.5823317584360387,0.02321430418180807,1.1684758157827944,0.006701012805294681,0.8864635979852877,0.5266763191333972
0.20716666666666672,0.02031011131232309,0.0,0.586697233449231,0.02275981023748492,1.1745898427718802,0.006640230352888663,0.8780735472035607,0.5242698661963965
0.20766666666666672,0.02040011131232309,0.0,0.5914752329340349,0.022314231631343287,1.180702267104118,0.006581609170299968,0.8693867626537278,0.5218891826787018
0.20816666666666672,0.02049011131232309,0.0,0.59665345628844,0.021877376949782572,1.1868131576827146,0.006525069762456192,0.8604033764664529,0.5195221862871272
0.20866666666666672,0.020580111312323093,0.0,0.6022362462570054,0.021449048074292203,1.1929225170197297,0.006470532823945441,0.8511236097070883,0.5171735087880152
0.20916666666666672,0.020670111312323092,0.0,0.6082217136971305,0.021029092393590257,1.1990303738856127,0.006417931244422347,0.8415476410838129,0.5148415127574731
0.20966666666666672,0.020760111312323092,0.0,0.6146081816738121,0.020617357296394825,1.2051367570508131,0.006367199440293696,0.8316756436267027,0.5125247655992471
0.21016666666666672,0.020850111312323092,0.0,0.6213941633308504,0.02021369017142399,1.2112416952857799,0.006318273351673261,0.8215077846911589,0.5102220174203775
0.21066666666666672,0.020940111312323092,0.0,0.6285783401904113,0.019817938407395833,1.2173452173609622,0.006271090437453469,0.8110442259612644,0.5079321793351291
0.21116666666666672,0.02103011131232309,0.0,0.6361595408801822,0.019429949393028445,1.2234473520468097,0.00622558966859937,0.8002851234530765,0.5056543021964252
0.21166666666666673,0.02112011131232309,0.0,0.6441367202882928,0.01904957051703991,1.2295481281137715,0.00618171151977347,0.7892306275178542,0.5033875557549603
0.21216666666666673,0.021210111312323095,0.0,0.6525089391465506,0.018676649168148308,1.2356475743322965,0.006139397959401793,0.7778808828452191,0.5011312082465464
0.21266666666666673,0.021300111312323095,0.0,0.6612753440405293,0.018311032735071727,1.2417457194728345,0.006098592438293748,0.7662360284662464,0.49888460640621957
0.21316666666666673,0.021390111312323094,0.0,0.6704348171077992,0.017952570492487906,1.247842593562173,0.006059240238510377,0.754296195265502,0.4966468227820356
0.21366666666666673,0.021480111312323094,0.0,0.679983662095415,0.01760112537109366,1.2539382364946934,0.0060212906509813134,0.7420614881838608,0.4944143244819813
0.21416666666666673,0.021570111312323094,0.0,0.6899212695044799,0.01725655851067435,1.2600326763894354,0.0059846938324115235,0.7295320288389886,0.4921866790836874
0.21466666666666673,0.021660111312323094,0.0,0.7002465635837237,0.016918740435162654,1.266125943138708,0.00594940289503784,0.7167079295541328,0.489962977030893
0.21516666666666673,0.021750111312323094,0.0,0.7109584476002176,0.016587541668491235,1.2722180666348202,0.005915372092403068,0.7035892967904024,0.48774228016652316
0.21566666666666673,0.021840111312323093,0.0,0.7220557859450879,0.01626283273459278,1.2783090767700807,0.005882556812333452,0.6901762311495414,0.485523603842004
0.21616666666666673,0.021930111312323093,0.0,0.7335373867007569,0.015944484157399953,1.2843990034367987,0.005850913568790615,0.6764688273766231,0.48330589948800956
0.21666666666666673,0.022020111312323093,0.0,0.7454018361301353,0.015632369540727706,1.2904878770623958,0.005820400511472555,0.6624671731191298,0.48108788785251094
0.21716666666666673,0.022110111312323093,0.0,0.7576483121172967,0.015326368421481221,1.29657572562208,0.0057909778329766895,0.6481713558869469,0.4788688794682161
0.21766666666666673,0.022200111312323093,0.0,0.770275604348855,0.015026361053496421,1.3026625781542318,0.005762606844645636,0.6335814551401341,0.4766477869264866
0.21816666666666673,0.022290111312323092,0.0,0.7832826435052609,0.014732230050637942,1.3087484628049728,0.005735250214259456,0.6186975468622653,0.47442365869092407
0.21866666666666673,0.022380111312323092,0.0,0.7966683853524991,0.014443860294032737,1.3148334072183683,0.005708871913472962,0.6035197027970924,0.472195562460701
0.21916666666666673,0.022470111312323092,1.0,0.8219073527372771,0.02024735776627222,1.3208779307330536,0.007142447535836573,0.5881494142738946,0.4815432445061148
0.21966666666666673,0.022560111312323092,1.0,0.8824400471800902,0.028703461999652076,1.3268057354832286,0.011687820281785395,0.5727920450210642,0.5261225483065739
0.22016666666666673,0.02265011131232309,1.0,0.9874391479351077,0.03708658285251318,1.3325996423166995,0.020438732202357812,0.5575099117232143,0.6151755351943099
0.22066666666666673,0.022740111312323095,1.0,1.149859511534483,0.045397350174366545,1.338242400573895,0.03478490627876509,0.5423683138160348,0.7617302721940911
0.22116666666666673,0.022830111312323095,1.0,1.3781455683733923,0.05363638847439813,1.343741998924348,0.055894967265398825,0.5273657527019742,0.9742346419302673
0.22166666666666673,0.022920111312323094,1.0,1.673512455638473,0.061804316761461565,1.3491291972662403,0.08453816487118568,0.5124352144649228,1.2538374744011875
0.22216666666666673,0.023010111312323094,1.0,2.029183103383932,0.06990174889317147,1.354447022834301,0.12093477272236507,0.4974692320156018,1.5936511067326755
0.2222222222222222,0.023020111312323083,1.0,2.0719174936961995,0.07079713843236181,1.3550355116924055,0.1254457811263622,0.4957991417492471,1.6346126348974979
